2602.23361
2602.23360
2602.23359
2602.23357
2602.23353
2602.23342
2602.23341
2602.23339
2602.23336
2602.23334
2602.23333
2602.23331
2602.23330
2602.23321
2602.23320
2602.23318
2602.23315
2602.23314
2602.23305
2602.23303
2602.23302
2602.23297
2602.23296
2602.23294
2602.23292
2602.23288
2602.23287
2602.23285
2602.23283
2602.23281
2602.23280
2602.23279
2602.23278
2602.23277
2602.23274
2602.23265
2602.23262
2602.23261
2602.23259
2602.23253
2602.23252
2602.23248
2602.23242
2602.23241
2602.23239
2602.23234
2602.23232
2602.23231
2602.23228
2602.23220
2602.23217
2602.23214
2602.23212
2602.23211
2602.23206
2602.23205
2602.23203
2602.23201
2602.23200
2602.23197
2602.23196
2602.23193
2602.23192
2602.23191
2602.23188
2602.23183
2602.23179
2602.23174
2602.23172
2602.23169
2602.23168
2602.23167
2602.23165
2602.23164
2602.23163
2602.23161
2602.23153
2602.23148
2602.23146
2602.23142
2602.23136
2602.23135
2602.23133
2602.23132
2602.23130
2602.23128
2602.23123
2602.23121
2602.23120
2602.23116
2602.23115
2602.23113
2602.23111
2602.23109
2602.23108
2602.23105
2602.23096
2602.23095
2602.23093
2602.23090
2602.23088
2602.23086
2602.23085
2602.23079
2602.23075
2602.23071
2602.23069
2602.23068
2602.23067
2602.23065
2602.23062
2602.23061
2602.23060
2602.23058
2602.23057
2602.23056
2602.23054
2602.23053
2602.23051
2602.23050
2602.23040
2602.23038
2602.23036
2602.23030
2602.23027
2602.23026
2602.23025
2602.23024
2602.23023
2602.23017
2602.23013
2602.23010
2602.23008
2602.23006
2602.23005
2602.23003
2602.23000
2602.22998
2602.22997
2602.22993
2602.22988
2602.22983
2602.22981
2602.22980
2602.22976
2602.22973
2602.22968
2602.22967
2602.22965
2602.22963
2602.22962
2602.22958
2602.22952
2602.22948
2602.22942
2602.22941
2602.22940
2602.22938
2602.22937
2602.22936
2602.22935
2602.22934
2602.22932
2602.22925
2602.22919
2602.22918
2602.22916
2602.22915
2602.22914
2602.22913
2602.22908
2602.22903
2602.22902
2602.22901
2602.22896
2602.22892
2602.22887
2602.22884
2602.22879
2602.22874
2602.22873
2602.22868
2602.22865
2602.22862
2602.22856
2602.22854
2602.22853
2602.22852
2602.22850
2602.22847
2602.22846
2602.22842
2602.22839
2602.22835
2602.22829
2602.22823
2602.22821
2602.22818
2602.22817
2602.22814
2602.22813
2602.22812
2602.22810
2602.22805
2602.22804
2602.22801
2602.22800
2602.22799
2602.22796
2602.22794
2602.22791
2602.22790
2602.22786
2602.22785
2602.22780
2602.22775
2602.22765
2602.22762
2602.22760
2602.22758
2602.22756
2602.22750
2602.22745
2602.22743
2602.22742
2602.22740
2602.22735
2602.22734
2602.22733
2602.22732
2602.22731
2602.22729
2602.22723
2602.22718
2602.22717
2602.22714
2602.22713
2602.22712
2602.22710
2602.22707
2602.22702
2602.22701
2602.22700
2602.22696
2602.22695
2602.22689
2602.22681
2602.22674
2602.22671
2602.22667
2602.22666
2602.22661
2602.22660
2602.22658
2602.22654
2602.22650
2602.22649
2602.22645
2602.22644
2602.22639
2602.22631
2602.22629
2602.22628
2602.22625
2602.22624
2602.22621
2602.22620
2602.22619
2602.22618
2602.22617
2602.22613
2602.22611
2602.22607
2602.22606
2602.22605
2602.22604
2602.22603
2602.22600
2602.22597
2602.22596
2602.22595
2602.22594
2602.22593
2602.22592
2602.22584
2602.22581
2602.22580
2602.22579
2602.22575
2602.22571
2602.22565
2602.22564
2602.22562
2602.22560
2602.22556
2602.22555
2602.22552
2602.22551
2602.22549
2602.22547
2602.22546
2602.22545
2602.22544
2602.22543
2602.22542
2602.22540
2602.22539
2602.22537
2602.22536
2602.22533
2602.22532
2602.22530
2602.22529
2602.22527
2602.22525
2602.22524
2602.22523
2602.22522
2602.22521
2602.22520
2602.22519
2602.22514
2602.22506
2602.22505
2602.22500
2602.22492
2602.22487
2602.22486
2602.22482
2602.22481
2602.22474
2602.22462
2602.22461
2602.22459
2602.22457
2602.22456
2602.22454
2602.22450
2602.22449
2602.22445
2602.22443
2602.22442
2602.22441
2602.22437
2602.22436
2602.22434
2602.22433
2602.22432
2602.22431
2602.22430
2602.22428
2602.22425
2602.22424
2602.22423
2602.22419
2602.22417
2602.22413
2602.22412
2602.22409
2602.22403
2602.22402
2602.22401
2602.22400
2602.22395
2602.22392
2602.22387
2602.22381
2602.22376
2602.22374
2602.22373
2602.22371
2602.22368
2602.22367
2602.22365
2602.22362
2602.22361
2602.22359
2602.22352
2602.22350
2602.22347
2602.22346
2602.22345
2602.22343
2602.22340
2602.22339
2602.22334
2602.22212
2602.22209
2602.22208
2602.22303
2602.22196
2602.22195
2602.22193
2602.22188
2602.22187
2602.22186
2602.22300
2602.22183
2602.22179
2602.22299
2602.22176
2602.22171
2602.22164
2602.22159
2602.22158
2602.22157
2602.22154
2602.22152
2602.22150
2602.22149
2602.22146
2602.22298
2602.22144
2602.22143
2602.22140
2602.22136
2602.22135
2602.22134
2602.22132
2602.22131
2602.22130
2602.22124
2602.22122
2602.22118
2602.22115
2602.22110
2602.22108
2602.22103
2602.22101
2602.22100
2602.22098
2602.22096
2602.22094
2602.22088
2602.22086
2602.22085
2602.22083
2602.22082
2602.22081
2602.22077
2602.22076
2602.22075
2602.22072
2602.22066
2602.22061
2602.22059
2602.22056
2602.22055
2602.22052
2602.22051
2602.22049
2602.22045
2602.22042
2602.22041
2602.22039
2602.22037
2602.22032
2602.22296
2602.22020
2602.22018
2602.22017
2602.22015
2602.22014
2602.22011
2602.22010
2602.22295
2602.22006
2602.22294
2602.22293
2602.22003
2602.22000
2602.21997
2602.21996
2602.21995
2602.22292
2602.21987
2602.21983
2602.21977
2602.22290
2602.21967
2602.21966
2602.21965
2602.21964
2602.21963
2602.21961
2602.21959
2602.21957
2602.21956
2602.21955
2602.21953
2602.21952
2602.22289
2602.21949
2602.21948
2602.21944
2602.21943
2602.21942
2602.22288
2602.21937
2602.21935
2602.22287
2602.21933
2602.21932
2602.21929
2602.21928
2602.21926
2602.22286
2602.21917
2602.21915
2602.21910
2602.21904
2602.22285
2602.21899
2602.21897
2602.21895
2602.21893
2602.21891
2602.21889
2602.21887
2602.21874
2602.21864
2602.22284
2602.21862
2602.21859
2602.21857
2602.21849
2602.21846
2602.21845
2602.21844
2602.21843
2602.22282
2602.21841
2602.21833
2602.21827
2602.21819
2602.21818
2602.21816
2602.21811
2602.21810
2602.21806
2602.21803
2602.21799
2602.21798
2602.21797
2602.21794
2602.21788
2602.21786
2602.21783
2602.21780
2602.21778
2602.22280
2602.21773
2602.21772
2602.21771
2602.22279
2602.21766
2602.21765
2602.21763
2602.21762
2602.21760
2602.22277
2602.21757
2602.21756
2602.21755
2602.21754
2602.21750
2602.22276
2602.21746
2602.21745
2602.21744
2602.21741
2602.21740
2602.21737
2602.21736
2602.21735
2602.21734
2602.22275
2602.21730
2602.22274
2602.21723
2602.21722
2602.21717
2602.21715
2602.21712
2602.21709
2602.21707
2602.21704
2602.21703
2602.21702
2602.21700
2602.21699
2602.21696
2602.21691
2602.22271
2602.21687
2602.21686
2602.21682
2602.21681
2602.21677
2602.21674
2602.21672
2602.21668
2602.21667
2602.22270
2602.22269
2602.21662
2602.21657
2602.21652
2602.21650
2602.21648
2602.21645
2602.22268
2602.21641
2602.22267
2602.21638
2602.21632
2602.21630
2602.21627
2602.21626
2602.21625
2602.21622
2602.21620
2602.22266
2602.21612
2602.21611
2602.21610
2602.21609
2602.21606
2602.21604
2602.22265
2602.21601
2602.21599
2602.21598
2602.21596
2602.21593
2602.21591
2602.21590
2602.21588
2602.21585
2602.21584
2602.21583
2602.21581
2602.21572
2602.21569
2602.21568
2602.21565
2602.21558
2602.21556
2602.21552
2602.21550
2602.21548
2602.21547
2602.21545
2602.21539
2602.21536
2602.21534
2602.21533
2602.22261
2602.21528
2602.21526
2602.21524
2602.21522
2602.21517
2602.21514
2602.21508
2602.21501
2602.21499
2602.21498
2602.21495
2602.21494
2602.21492
2602.22260
2602.22259
2602.21486
2602.21484
2602.21482
2602.21481
2602.21479
2602.22258
2602.21478
2602.21477
2602.21476
2602.21472
2602.21470
2602.21468
2602.21467
2602.21466
2602.21462
2602.21461
2602.21459
2602.21456
2602.21454
2602.21452
2602.21450
2602.21447
2602.21446
2602.21445
2602.21444
2602.22255
2602.21442
2602.21436
2602.21429
2602.21426
2602.21425
2602.21424
2602.21421
2602.21418
2602.21411
2602.21404
2602.21403
2602.21401
2602.21390
2602.21389
2602.21379
2602.21377
2602.21374
2602.22253
2602.21372
2602.21366
2602.21365
2602.21362
2602.21360
2602.21357
2602.21351
2602.21345
2602.21343
2602.21342
2602.21340
2602.22250
2602.21332
2602.21331
2602.21328
2602.22249
2602.21321
2602.21319
2602.21316
2602.21315
2602.21312
2602.21307
2602.21302
2602.21204
2602.21203
2602.21202
2602.21201
2602.21196
2602.21195
2602.21193
2602.21191
2602.21189
2602.21188
2602.21186
2602.21185
2602.21183
2602.21182
2602.21180
2602.21179
2602.21178
2602.21175
2602.21174
2602.21172
2602.21168
2602.21167
2602.21278
2602.21165
2602.21162
2602.21161
2602.22248
2602.21154
2602.21153
2602.22247
2602.21148
2602.21276
2602.21146
2602.21144
2602.21142
2602.21140
2602.21138
2602.21136
2602.21133
2602.21127
2602.21119
2602.21116
2602.21105
2602.21104
2602.21103
2602.21101
2602.21100
2602.21098
2602.21089
2602.21088
2602.21082
2602.21078
2602.21074
2602.21073
2602.21072
2602.21066
2602.21064
2602.21273
2602.21045
2602.21042
2602.21041
2602.21037
2602.21035
2602.21033
2602.21028
2602.21027
2602.21026
2602.22246
2602.21022
2602.21020
2602.21019
2602.21013
2602.21012
2602.21010
2602.21009
2602.21007
2602.21000
2602.20999
2602.20995
2602.20994
2602.20993
2602.20991
2602.20989
2602.20983
2602.20979
2602.20973
2602.20972
2602.20971
2602.22244
2602.20967
2602.20963
2602.20958
2602.20952
2602.20951
2602.20949
2602.20947
2602.20946
2602.20945
2602.20943
2602.20934
2602.20933
2602.20932
2602.20930
2602.20929
2602.20928
2602.20925
2602.20923
2602.20921
2602.20920
2602.20918
2602.20915
2602.20903
2602.20891
2602.20887
2602.20877
2602.20876
2602.20874
2602.20871
2602.20868
2602.20866
2602.20859
2602.20857
2602.20854
2602.20853
2602.20851
2602.20850
2602.22243
2602.20846
2602.20845
2602.20844
2602.22242
2602.20832
2602.20830
2602.20823
2602.21268
2602.20818
2602.20816
2602.20809
2602.21267
2602.20805
2602.20802
2602.20796
2602.20793
2602.20791
2602.20790
2602.20782
2602.20767
2602.20762
2602.20758
2602.20752
2602.20751
2602.20749
2602.20748
2602.20744
2602.22241
2602.20739
2602.20735
2602.20732
2602.20731
2602.20730
2602.20729
2602.21266
2602.20728
2602.20725
2602.20724
2602.20722
2602.20721
2602.20720
2602.20718
2602.20717
2602.20715
2602.20712
2602.20710
2602.20709
2602.20708
2602.20706
2602.20705
2602.20700
2602.20698
2602.20696
2602.20689
2602.20685
2602.20684
2602.20680
2602.20676
2602.20672
2602.20673
2602.20671
2602.20666
2602.20663
2602.20662
2602.22239
2602.20658
2602.20657
2602.20656
2602.20653
2602.20652
2602.20651
2602.20648
2602.20647
2602.20646
2602.20645
2602.20644
2602.20643
2602.20639
2602.20638
2602.20635
2602.20634
2602.20633
2602.20632
2602.20628
2602.20627
2602.20624
2602.20618
2602.20616
2602.20611
2602.20610
2602.20608
2602.20603
2602.20599
2602.22029
2602.20598
2602.20597
2602.20596
2602.20594
2602.20585
2602.20584
2602.20583
2602.20580
2602.20578
2602.22238
2602.20567
2602.20561
2602.20558
2602.20557
2602.20555
2602.20551
2602.20550
2602.20549
2602.20548
2602.20547
2602.20544
2602.20543
2602.20541
2602.20540
2602.20539
2602.20537
2602.20531
2602.20530
2602.20529
2602.20527
2602.20521
2602.20520
2602.20518
2602.20517
2602.20515
2602.20512
2602.20511
2602.20507
2602.20501
2602.20500
2602.20497
2602.20496
2602.20494
2602.20493
2602.20492
2602.20486
2602.20480
2602.20478
2602.20475
2602.20471
2602.20466
2602.20465
2602.20462
2602.20461
2602.20457
2602.20455
2602.20450
2602.20449
2602.20444
2602.20442
2602.20439
2602.20433
2602.20429
2602.20426
2602.20425
2602.20423
2602.20422
2602.20419
2602.20418
2602.20415
2602.20408
2602.20403
2602.20400
2602.20394
2602.20383
2602.22237
2602.20377
2602.20376
2602.20375
2602.20372
2602.20370
2602.20366
2602.20363
2602.20362
2602.20361
2602.20358
2602.21259
2602.20350
2602.20348
2602.20342
2602.20341
2602.20338
2602.20336
2602.20334
2602.20332
2602.20330
2602.20329
2602.20328
2602.20324
2602.20317
2602.20316
2602.20314
2602.20312
2602.20309
2602.20307
2602.20306
2602.20298
2602.20297
2602.20294
2602.20293
2602.20289
2602.20285
2602.20284
2602.20282
2602.20278
2602.20271
2602.20160
2602.20153
2602.20152
2602.20151
2602.20150
2602.20232
2602.20141
2602.20137
2602.20134
2602.20133
2602.20132
2602.20231
2602.20126
2602.20120
2602.20113
2602.20111
2602.20105
2602.20104
2602.20102
2602.20022
2602.20100
2602.20097
2602.20092
2602.20091
2602.20089
2602.20084
2602.20083
2602.20082
2602.20080
2602.20079
2602.20078
2602.20076
2602.20074
2602.20070
2602.20066
2602.20064
2602.20063
2602.20062
2602.20061
2602.20059
2602.20055
2602.20054
2602.20053
2602.20052
2602.20049
2602.20046
2602.20045
2602.20042
2602.20040
2602.20038
2602.20034
2602.20226
2602.20031
2602.20225
2602.20023
2602.20021
2602.20020
2602.20019
2602.20014
2602.20224
2602.20010
2602.20008
2602.20003
2602.20001
2602.19998
2602.19994
2602.19990
2602.19987
2602.19983
2602.19980
2602.19976
2602.19974
2602.19973
2602.19969
2602.19966
2602.19964
2602.19951
2602.19946
2602.19945
2602.19943
2602.19942
2602.19937
2602.19934
2602.19931
2602.19930
2602.19929
2602.19926
2602.19919
2602.19918
2602.19916
2602.19915
2602.19912
2602.19907
2602.19903
2602.19900
2602.19898
2602.19893
2602.19891
2602.19886
2602.19884
2602.19879
2602.19873
2602.19868
2602.19862
2602.19859
2602.19857
2602.19855
2602.19853
2602.19851
2602.19850
2602.19848
2602.19845
2602.19844
2602.19837
2602.20223
2602.19834
2602.19832
2602.19831
2602.20222
2602.19825
2602.19823
2602.19822
2602.21255
2602.19819
2602.19818
2602.19816
2602.19815
2602.19811
2602.19810
2602.19809
2602.19806
2602.19805
2602.19803
2602.19802
2602.19799
2602.19790
2602.19789
2602.19788
2602.19786
2602.19785
2602.19782
2602.19778
2602.19777
2602.19776
2602.19770
2602.19769
2602.19768
2602.19766
2602.19764
2602.19762
2602.19761
2602.20221
2602.19758
2602.19754
2602.19753
2602.19745
2602.19743
2602.19742
2602.19736
2602.19733
2602.19718
2602.19714
2602.19711
2602.19710
2602.19706
2602.19702
2602.19699
2602.19698
2602.19697
2602.19695
2602.19694
2602.19691
2602.19690
2602.20220
2602.19686
2602.19683
2602.19682
2602.19680
2602.19679
2602.19674
2602.19673
2602.19668
2602.19661
2602.19660
2602.19657
2602.19655
2602.19654
2602.19653
2602.19651
2602.19649
2602.19644
2602.19639
2602.19634
2602.19633
2602.19629
2602.19628
2602.19626
2602.19623
2602.19622
2602.20219
2602.19616
2602.19614
2602.19609
2602.19608
2602.19606
2602.19604
2602.19603
2602.19597
2602.19596
2602.19595
2602.19591
2602.19590
2602.19585
2602.19584
2602.19582
2602.19580
2602.20216
2602.19577
2602.19575
2602.19574
2602.20215
2602.19570
2602.19567
2602.19565
2602.19560
2602.20214
2602.19555
2602.19554
2602.19552
2602.19550
2602.19549
2602.19542
2602.19540
2602.19538
2602.19535
2602.19534
2602.19533
2602.19532
2602.19528
2602.19526
2602.19525
2602.19523
2602.19522
2602.19518
2602.19516
2602.19514
2602.19512
2602.19510
2602.19507
2602.19506
2602.19505
2602.19503
2602.19498
2602.19491
2602.19490
2602.19489
2602.19487
2602.19485
2602.19483
2602.19477
2602.19476
2602.19475
2602.19474
2602.19471
2602.19470
2602.19463
2602.19461
2602.19459
2602.19458
2602.19454
2602.19450
2602.19446
2602.19444
2602.19442
2602.19441
2602.19440
2602.19439
2602.19434
2602.19433
2602.19430
2602.19424
2602.19423
2602.19422
2602.19419
2602.19418
2602.19416
2602.19414
2602.19410
2602.19409
2602.19408
2602.20208
2602.19403
2602.19401
2602.19400
2602.19396
2602.19393
2602.21381
2602.19390
2602.19387
2602.19385
2602.19383
2602.19381
2602.19380
2602.19379
2602.19373
2602.19372
2602.19368
2602.19367
2602.19360
2602.19359
2602.19355
2602.19354
2602.19352
2602.19350
2602.19348
2602.19346
2602.20206
2602.19345
2602.19341
2602.19338
2602.19332
2602.19331
2602.19329
2602.19328
2602.19327
2602.19326
2602.19324
2602.19319
2602.19315
2602.19314
2602.19313
2602.19312
2602.19309
2602.19308
2602.19305
2602.19304
2602.19303
2602.19298
2602.19296
2602.19292
2602.19289
2602.19285
2602.19281
2602.19278
2602.19274
2602.19273
2602.19271
2602.19270
2602.19268
2602.19263
2602.19260
2602.21253
2602.19259
2602.19255
2602.19254
2602.19253
2602.19252
2602.19243
2602.19242
2602.19241
2602.19240
2602.19239
2602.19232
2602.19231
2602.19229
2602.19224
2602.19219
2602.19218
2602.19217
2602.19215
2602.19213
2602.19212
2602.19206
2602.19202
2602.19199
2602.19198
2602.19197
2602.19196
2602.19193
2602.19189
2602.19188
2602.19187
2602.19184
2602.19180
2602.19179
2602.19178
2602.19174
2602.19173
2602.19172
2602.19170
2602.19167
2602.19166
2602.19163
2602.19161
2602.19160
2602.19159
2602.19158
2602.19157
2602.19156
2602.19153
2602.19146
2602.19143
2602.19142
2602.19141
2602.19140
2602.19139
2602.19137
2602.19134
2602.19130
2602.19128
2602.19126
2602.19124
2602.19121
2602.19117
2602.19116
2602.19115
2602.19114
2602.19113
2602.19112
2602.19109
2602.19108
2602.19107
2602.19101
2602.19097
2602.19096
2602.19094
2602.20199
2602.19089
2602.19088
2602.19087
2602.19086
2602.19084
2602.19083
2602.21252
2602.19077
2602.19071
2602.19069
2602.19068
2602.19066
2602.19065
2602.19062
2602.19057
2602.19055
2602.19053
2602.19049
2602.20196
2602.19048
2602.19043
2602.22235
2602.19038
2602.19033
2602.20195
2602.19031
2602.19027
2602.19025
2602.19024
2602.19022
2602.19021
2602.19020
2602.19019
2602.19017
2602.19016
2602.19009
2602.19007
2602.19005
2602.19004
2602.18997
2602.18993
2602.18992
2602.18991
2602.18990
2602.18989
2602.18987
2602.18985
2602.20193
2602.18982
2602.18981
2602.18980
2602.18977
2602.18976
2602.18968
2602.18967
2602.18966
2602.18962
2602.18961
2602.18960
2602.18959
2602.18957
2602.20191
2602.18955
2602.18951
2602.18948
2602.18947
2602.18946
2602.18943
2602.18941
2602.18936
2602.18935
2602.18931
2602.18929
2602.18925
2602.18921
2602.18920
2602.21251
2602.18918
2602.18915
2602.18910
2602.18906
2602.18904
2602.18903
2602.18899
2602.18897
2602.18896
2602.18895
2602.18886
2602.18883
2602.18882
2602.18881
2602.18880
2602.18874
2602.18873
2602.18872
2602.18869
2602.18868
2602.18867
2602.18866
2602.18863
2602.18862
2602.18861
2602.18858
2602.18857
2602.18851
2602.18850
2602.18849
2602.18845
2602.18844
2602.18834
2602.18833
2602.18830
2602.18825
2602.18824
2602.18822
2602.18817
2602.18814
2602.18813
2602.18812
2602.18807
2602.18803
2602.18802
2602.18801
2602.18800
2602.18799
2602.18798
2602.18797
2602.18795
2602.18793
2602.18786
2602.18782
2602.18779
2602.18777
2602.18775
2602.18774
2602.18773
2602.18770
2602.20187
2602.18769
2602.18768
2602.18767
2602.18766
2602.18765
2602.18764
2602.18763
2602.18762
2602.18758
2602.18755
2602.18749
2602.18744
2602.18742
2602.18741
2602.18740
2602.18739
2602.18734
2602.18733
2602.20186
2602.18726
2602.18724
2602.18723
2602.18718
2602.18717
2602.18716
2602.18715
2602.18714
2602.18709
2602.18708
2602.18707
2602.18705
2602.18702
2602.18701
2602.18700
2602.18699
2602.18697
2602.18696
2602.18695
2602.18694
2602.18692
2602.18690
2602.18688
2602.18684
2602.18681
2602.18679
2602.18678
2602.18676
2602.18674
2602.18673
2602.18669
2602.18663
2602.18660
2602.18657
2602.18655
2602.18653
2602.18652
2602.18650
2602.18649
2602.18648
2602.18644
2602.18642
2602.18641
2602.18640
2602.18638
2602.18637
2602.18636
2602.18635
2602.18633
2602.18630
2602.18628
2602.18627
2602.18624
2602.18623
2602.18622
2602.18620
2602.18618
2602.18616
2602.18614
2602.18613
2602.18610
2602.18607
2602.18606
2602.18603
2602.18602
2602.18598
2602.18594
2602.18588
2602.18584
2602.18582
2602.18581
2602.18579
2602.18576
2602.18573
2602.18571
2602.18568
2602.18435
2602.18434
2602.18432
2602.18431
2602.18428
2602.18427
2602.18426
2602.18425
2602.18422
2602.18421
2602.18417
2602.18409
2602.18406
2602.18405
2602.18403
2602.18401
2602.18400
2602.18397
2602.18396
2602.18549
2602.18390
2602.18389
2602.18386
2602.18384
2602.18380
2602.18379
2602.18377
2602.18374
2602.18372
2602.18364
2602.18362
2602.18546
2602.18352
2602.18351
2602.18350
2602.18348
2602.18344
2602.18545
2602.18333
2602.18330
2602.18329
2602.18326
2602.18324
2602.18322
2602.18319
2602.18317
2602.18313
2602.18312
2602.18310
2602.18309
2602.18308
2602.18305
2602.18304
2602.18301
2602.18297
2602.18296
2602.18295
2602.18542
2602.18292
2602.18291
2602.18288
2602.18287
2602.18285
2602.18541
2602.18283
2602.18274
2602.18539
2602.18266
2602.18264
2602.18263
2602.18262
2602.18260
2602.18258
2602.18255
2602.18254
2602.18253
2602.18252
2602.18250
2602.18249
2602.18248
2602.18240
2602.18238
2602.18227
2602.18221
2602.18217
2602.18213
2602.18212
2602.18208
2602.18206
2602.18202
2602.18201
2602.18199
2602.18196
2602.18193
2602.18190
2602.18189
2602.18188
2602.18187
2602.18186
2602.18181
2602.18176
2602.18168
2602.18166
2602.18165
2602.18536
2602.18160
2602.18158
2602.18152
2602.18151
2602.18148
2602.18146
2602.18143
2602.18142
2602.18139
2602.18534
2602.18137
2602.18121
2602.18119
2602.18117
2602.18116
2602.18114
2602.18104
2602.18098
2602.18097
2602.18533
2602.18093
2602.18092
2602.18090
2602.18086
2602.18084
2602.18083
2602.18082
2602.18079
2602.18077
2602.18071
2602.18066
2602.18063
2602.18055
2602.18053
2602.18049
2602.18045
2602.18043
2602.18042
2602.18040
2602.18038
2602.18037
2602.18036
2602.18034
2602.18530
2602.18033
2602.18030
2602.18026
2602.18023
2602.18020
2602.18019
2602.18018
2602.18016
2602.18010
2602.18008
2602.18007
2602.18003
2602.18002
2602.18000
2602.17999
2602.17997
2602.17986
2602.17985
2602.17981
2602.17973
2602.17972
2602.17971
2602.17962
2602.17961
2602.17958
2602.17955
2602.17954
2602.17952
2602.17951
2602.17948
2602.17947
2602.17942
2602.17941
2602.17940
2602.17939
2602.17934
2602.17932
2602.17930
2602.17926
2602.17925
2602.17921
2602.17918
2602.17917
2602.17914
2602.17913
2602.17910
2602.17909
2602.17908
2602.17907
2602.17905
2602.17904
2602.17894
2602.17891
2602.17888
2602.17887
2602.18523
2602.17881
2602.17876
2602.17867
2602.17865
2602.17864
2602.17861
2602.17858
2602.17855
2602.17850
2602.17849
2602.17848
2602.17846
2602.17842
2602.17841
2602.17838
2602.18521
2602.17835
2602.17834
2602.17830
2602.17829
2602.17827
2602.17822
2602.17818
2602.17817
2602.17815
2602.17813
2602.17811
2602.17808
2602.17807
2602.17805
2602.17801
2602.17798
2602.17797
2602.17794
2602.17793
2602.17791
2602.17787
2602.17785
2602.18515
2602.17784
2602.18514
2602.17779
2602.17776
2602.17774
2602.17773
2602.20181
2602.17772
2602.17665
2602.17664
2602.17658
2602.17753
2602.17654
2602.17653
2602.17651
2602.17650
2602.17649
2602.17647
2602.17646
2602.17645
2602.17642
2602.17641
2602.17640
2602.17637
2602.17636
2602.17634
2602.17633
2602.17632
2602.17619
2602.17609
2602.17607
2602.17605
2602.17602
2602.17601
2602.17599
2602.17598
2602.17596
2602.17590
2602.17588
2602.17587
2602.17586
2602.17584
2602.17577
2602.17574
2602.17567
2602.17566
2602.17565
2602.17557
2602.17556
2602.17555
2602.17554
2602.17552
2602.17550
2602.17546
2602.17545
2602.17543
2602.17542
2602.17541
2602.17537
2602.17536
2602.17535
2602.17534
2602.17530
2602.17526
2602.17525
2602.17518
2602.17517
2602.17515
2602.17513
2602.17512
2602.17502
2602.17497
2602.17493
2602.17490
2602.17488
2602.17486
2602.17484
2602.17483
2602.17750
2602.17482
2602.17749
2602.17481
2602.17480
2602.17477
2602.17475
2602.17474
2602.17473
2602.17472
2602.17465
2602.17458
2602.17454
2602.17452
2602.17450
2602.17449
2602.17442
2602.17434
2602.17431
2602.17430
2602.17426
2602.17424
2602.17423
2602.17421
2602.17419
2602.17418
2602.17415
2602.17413
2602.17410
2602.17407
2602.17402
2602.17397
2602.17394
2602.17393
2602.17387
2602.17386
2602.17385
2602.17383
2602.17747
2602.17377
2602.17375
2602.17373
2602.17372
2602.17365
2602.17363
2602.17358
2602.17350
2602.17346
2602.17345
2602.17342
2602.17340
2602.17337
2602.17335
2602.17745
2602.17330
2602.17322
2602.17321
2602.17743
2602.17320
2602.17315
2602.17312
2602.17310
2602.17309
2602.17308
2602.17307
2602.17301
2602.17294
2602.17293
2602.17290
2602.17288
2602.17287
2602.17284
2602.17282
2602.17280
2602.17277
2602.17276
2602.17271
2602.17270
2602.17263
2602.17254
2602.17252
2602.17251
2602.17250
2602.17247
2602.17245
2602.17244
2602.17242
2602.17237
2602.17234
2602.17231
2602.17229
2602.17226
2602.17223
2602.17222
2602.21249
2602.17221
2602.17217
2602.17216
2602.17215
2602.17213
2602.17211
2602.17209
2602.17206
2602.17201
2602.17199
2602.17198
2602.17194
2602.17193
2602.17189
2602.17187
2602.17186
2602.17185
2602.17182
2602.17174
2602.17171
2602.17170
2602.17168
2602.17166
2602.17159
2602.17155
2602.17151
2602.17149
2602.17145
2602.17144
2602.17142
2602.17134
2602.17130
2602.17128
2602.17124
2602.17122
2602.17120
2602.17119
2602.17117
2602.17116
2602.17115
2602.17114
2602.17112
2602.17111
2602.17110
2602.17108
2602.17107
2602.17104
2602.17103
2602.17102
2602.17100
2602.17097
2602.17096
2602.17093
2602.17091
2602.17089
2602.17088
2602.17086
2602.17085
2602.17084
2602.17083
2602.17080
2602.17077
2602.17071
2602.17070
2602.17068
2602.17067
2602.17066
2602.17065
2602.17063
2602.17058
2602.17050
2602.17049
2602.17048
2602.17038
2602.17037
2602.17036
2602.17033
2602.17032
2602.17030
2602.17027
2602.17023
2602.17022
2602.17018
2602.17016
2602.17011
2602.17010
2602.17009
2602.17004
2602.17002
2602.16998
2602.16997
2602.16994
2602.16989
2602.17738
2602.16987
2602.16980
2602.16979
2602.16977
2602.16976
2602.16975
2602.16968
2602.16966
2602.16965
2602.16964
2602.16961
2602.16959
2602.16958
2602.16957
2602.16952
2602.16951
2602.16950
2602.16949
2602.16947
2602.16944
2602.17737
2602.16939
2602.16936
2602.16935
2602.16930
2602.16928
2602.16923
2602.16921
2602.16919
2602.16917
2602.16914
2602.16913
2602.16911
2602.16908
2602.16903
2602.16900
2602.16898
2602.16895
2602.16894
2602.16893
2602.16890
2602.16887
2602.16880
2602.16872
2602.20180
2602.16867
2602.16864
2602.16863
2602.16861
2602.16856
2602.16853
2602.16849
2602.16846
2602.16844
2602.16842
2602.16841
2602.17734
2602.16837
2602.16836
2602.16833
2602.16830
2602.16829
2602.16827
2602.16825
2602.16826
2602.16823
2602.16821
2602.16820
2602.16814
2602.16813
2602.16810
2602.16809
2602.16806
2602.16805
2602.16802
2602.16800
2602.16796
2602.16793
2602.16790
2602.16784
2602.16712
2602.16711
2602.16710
2602.16709
2602.16708
2602.16707
2602.16705
2602.16704
2602.16702
2602.16700
2602.16699
2602.16698
2602.16697
2602.16695
2602.16688
2602.16687
2602.16686
2602.16684
2602.16681
2602.16678
2602.16675
2602.16671
2602.16669
2602.16664
2602.16660
2602.16656
2602.16653
2602.16650
2602.16642
2602.16641
2602.16640
2602.16638
2602.16634
2602.16629
2602.16764
2602.16612
2602.16611
2602.16609
2602.16608
2602.16605
2602.16603
2602.16602
2602.16601
2602.16600
2602.16598
2602.16596
2602.16594
2602.16590
2602.16587
2602.16585
2602.16578
2602.16573
2602.16570
2602.16569
2602.16568
2602.16564
2602.16561
2602.16558
2602.16555
2602.16554
2602.16553
2602.16551
2602.16548
2602.16541
2602.16537
2602.16536
2602.16532
2602.16531
2602.16525
2602.16523
2602.16522
2602.16520
2602.16518
2602.16512
2602.16511
2602.16507
2602.16505
2602.16503
2602.16502
2602.16500
2602.16499
2602.16498
2602.16490
2602.16489
2602.16488
2602.16480
2602.16760
2602.17732
2602.16469
2602.16465
2602.16462
2602.16459
2602.16456
2602.16446
2602.16445
2602.16444
2602.18507
2602.16436
2602.16427
2602.16424
2602.16422
2602.16421
2602.16416
2602.16410
2602.16406
2602.16399
2602.16758
2602.18506
2602.16387
2602.16386
2602.16379
2602.16378
2602.16375
2602.16374
2602.16371
2602.16367
2602.16365
2602.16363
2602.16362
2602.16360
2602.16358
2602.16357
2602.16356
2602.16353
2602.16352
2602.16349
2602.16347
2602.16345
2602.16343
2602.16340
2602.16338
2602.16337
2602.16334
2602.16330
2602.17729
2602.16327
2602.16324
2602.16323
2602.16322
2602.16321
2602.16318
2602.16315
2602.16311
2602.16309
2602.16308
2602.16307
2602.16306
2602.16302
2602.16301
2602.16300
2602.16299
2602.16755
2602.21248
2602.16291
2602.16290
2602.16289
2602.16284
2602.16281
2602.16279
2602.16274
2602.16273
2602.16268
2602.16265
2602.16264
2602.16256
2602.16249
2602.16245
2602.18505
2602.16240
2602.16238
2602.16236
2602.16235
2602.16234
2602.16233
2602.16231
2602.16229
2602.16224
2602.16222
2602.16220
2602.16218
2602.16217
2602.16216
2602.17726
2602.16213
2602.16752
2602.16209
2602.16207
2602.16206
2602.16204
2602.16196
2602.16194
2602.16193
2602.16192
2602.16189
2602.16188
2602.16186
2602.16182
2602.16181
2602.16748
2602.16177
2602.16174
2602.16169
2602.16746
2602.16745
2602.16162
2602.16160
2602.16157
2602.16744
2602.16156
2602.16155
2602.16153
2602.16152
2602.16148
2602.16145
2602.16142
2602.16140
2602.16136
2602.16132
2602.16131
2602.16130
2602.16127
2602.16125
2602.16124
2602.16123
2602.16118
2602.16113
2602.16112
2602.16109
2602.16106
2602.16105
2602.16101
2602.16100
2602.16098
2602.16093
2602.16092
2602.16091
2602.16090
2602.16086
2602.16085
2602.16080
2602.16075
2602.16071
2602.16070
2602.16739
2602.16066
2602.16065
2602.16063
2602.16061
2602.17721
2602.16057
2602.16053
2602.16052
2602.16047
2602.16038
2602.16037
2602.18504
2602.16034
2602.16033
2602.16028
2602.16024
2602.16023
2602.16019
2602.16018
2602.16016
2602.16015
2602.16013
2602.16012
2602.16737
2602.16736
2602.16006
2602.16735
2602.16000
2602.16734
2602.15997
2602.15996
2602.15995
2602.15989
2602.15988
2602.15986
2602.15985
2602.15984
2602.15981
2602.15977
2602.16730
2602.15975
2602.15972
2602.15971
2602.15967
2602.15966
2602.15965
2602.15964
2602.15963
2602.15962
2602.15957
2602.15954
2602.15951
2602.15950
2602.15945
2602.17720
2602.15830
2602.15829
2602.15828
2602.15827
2602.15821
2602.15819
2602.15817
2602.15816
2602.15815
2602.15813
2602.15811
2602.15802
2602.15799
2602.15797
2602.15927
2602.15794
2602.15791
2602.15785
2602.15784
2602.15783
2602.15782
2602.15781
2602.15925
2602.15776
2602.15775
2602.15773
2602.15772
2602.15767
2602.15762
2602.15756
2602.15755
2602.15752
2602.15751
2602.15750
2602.15749
2602.15745
2602.15740
2602.15738
2602.15736
2602.15734
2602.15733
2602.15730
2602.15727
2602.15721
2602.15720
2602.15716
2602.15712
2602.15711
2602.15708
2602.15707
2602.15704
2602.15702
2602.15698
2602.15689
2602.15683
2602.15682
2602.15678
2602.15676
2602.15675
2602.15671
2602.16727
2602.15654
2602.15651
2602.15650
2602.15648
2602.15642
2602.15640
2602.15638
2602.15922
2602.15633
2602.15632
2602.15631
2602.15617
2602.15614
2602.15613
2602.15608
2602.15602
2602.15600
2602.15595
2602.15593
2602.15591
2602.15586
2602.15585
2602.15580
2602.15579
2602.15578
2602.15572
2602.15571
2602.15569
2602.15568
2602.15567
2602.15566
2602.15563
2602.15554
2602.15553
2602.15552
2602.15549
2602.15546
2602.15543
2602.15540
2602.15539
2602.15538
2602.15533
2602.15921
2602.15529
2602.15521
2602.15519
2602.15515
2602.15514
2602.15510
2602.15509
2602.15504
2602.15503
2602.15502
2602.15497
2602.15491
2602.15490
2602.15489
2602.15488
2602.15484
2602.15483
2602.15481
2602.15477
2602.15476
2602.15472
2602.15470
2602.18500
2602.15461
2602.15460
2602.15458
2602.15920
2602.15451
2602.15449
2602.15438
2602.15435
2602.15432
2602.15428
2602.15424
2602.15423
2602.15417
2602.15413
2602.15412
2602.15409
2602.15407
2602.15405
2602.15403
2602.15398
2602.15919
2602.15396
2602.15395
2602.15393
2602.15391
2602.15388
2602.15384
2602.15383
2602.15382
2602.15381
2602.15379
2602.15378
2602.15377
2602.15375
2602.15372
2602.15371
2602.15368
2602.15364
2602.15917
2602.15362
2602.15360
2602.15359
2602.15357
2602.15355
2602.15354
2602.15915
2602.15351
2602.15350
2602.15346
2602.15344
2602.15341
2602.15338
2602.15337
2602.15335
2602.15332
2602.15326
2602.15325
2602.15323
2602.15914
2602.15322
2602.15318
2602.15317
2602.15315
2602.15314
2602.15311
2602.21247
2602.15309
2602.15307
2602.15306
2602.15304
2602.15303
2602.15298
2602.15913
2602.15294
2602.15293
2602.15290
2602.15288
2602.15287
2602.15286
2602.15281
2602.15280
2602.15278
2602.15274
2602.15270
2602.15265
2602.15263
2602.15259
2602.15258
2602.15253
2602.15249
2602.15248
2602.15245
2602.15238
2602.15237
2602.15233
2602.15229
2602.15228
2602.15225
2602.15219
2602.15209
2602.15204
2602.15202
2602.15201
2602.15200
2602.15198
2602.15195
2602.15190
2602.15187
2602.15186
2602.15184
2602.15183
2602.15182
2602.15181
2602.15180
2602.15173
2602.15167
2602.15161
2602.15159
2602.15158
2602.15155
2602.15154
2602.15145
2602.15143
2602.15139
2602.15138
2602.15136
2602.15135
2602.15128
2602.15124
2602.15031
2602.15030
2602.15029
2602.15022
2602.15021
2602.15018
2602.15015
2602.15013
2602.15012
2602.15011
2602.15010
2602.15008
2602.15006
2602.15005
2602.15004
2602.15001
2602.14998
2602.14997
2602.14995
2602.14994
2602.14987
2602.14977
2602.14975
2602.14972
2602.14968
2602.14966
2602.14965
2602.14961
2602.14958
2602.14952
2602.14951
2602.15092
2602.14948
2602.14947
2602.15091
2602.14941
2602.14940
2602.14939
2602.14938
2602.14934
2602.14928
2602.14926
2602.14922
2602.14915
2602.14913
2602.15090
2602.14910
2602.14907
2602.14904
2602.14903
2602.14896
2602.14890
2602.14889
2602.14885
2602.14881
2602.14878
2602.14874
2602.14872
2602.14871
2602.14868
2602.14867
2602.14865
2602.14862
2602.14859
2602.14858
2602.14857
2602.14855
2602.14853
2602.14852
2602.14850
2602.14849
2602.14846
2602.14844
2602.14837
2602.14832
2602.14831
2602.14828
2602.14819
2602.14815
2602.14816
2602.14814
2602.14812
2602.15089
2602.14805
2602.14799
2602.14798
2602.15088
2602.14794
2602.14793
2602.14791
2602.14789
2602.14785
2602.14784
2602.14783
2602.14780
2602.14778
2602.14777
2602.14770
2602.14768
2602.14767
2602.14757
2602.15087
2602.14751
2602.14749
2602.14748
2602.14744
2602.14740
2602.14735
2602.14733
2602.14731
2602.14729
2602.14726
2602.15086
2602.14722
2602.14721
2602.14717
2602.14710
2602.14708
2602.14706
2602.14705
2602.14701
2602.14699
2602.14697
2602.14696
2602.14690
2602.14689
2602.14684
2602.14679
2602.14676
2602.14674
2602.14672
2602.14670
2602.14668
2602.14666
2602.14664
2602.14663
2602.14655
2602.14653
2602.14652
2602.14649
2602.14648
2602.14643
2602.14642
2602.14635
2602.14634
2602.14625
2602.15082
2602.14622
2602.14615
2602.14611
2602.14607
2602.14606
2602.14598
2602.14595
2602.14592
2602.14591
2602.14584
2602.14582
2602.14580
2602.14573
2602.14572
2602.14561
2602.14560
2602.14553
2602.14552
2602.14551
2602.14550
2602.14544
2602.14540
2602.14539
2602.14534
2602.15078
2602.14529
2602.14528
2602.14526
2602.14525
2602.14524
2602.14519
2602.14518
2602.14516
2602.14514
2602.14512
2602.14509
2602.14506
2602.14503
2602.14502
2602.14501
2602.14498
2602.14495
2602.14493
2602.14486
2602.14482
2602.14481
2602.14478
2602.14477
2602.14476
2602.14474
2602.14473
2602.14472
2602.14471
2602.15076
2602.14467
2602.14464
2602.14462
2602.14457
2602.14452
2602.14451
2602.14445
2602.14443
2602.14442
2602.14441
2602.14436
2602.14433
2602.14432
2602.14431
2602.14425
2602.14423
2602.14419
2602.14415
2602.14413
2602.14408
2602.14407
2602.14397
2602.14393
2602.14390
2602.14384
2602.14381
2602.14379
2602.14371
2602.14370
2602.14365
2602.14363
2602.14360
2602.14358
2602.14351
2602.14345
2602.14344
2602.14342
2602.14338
2602.14335
2602.14331
2602.14329
2602.14326
2602.14321
2602.14313
2602.14311
2602.14302
2602.14301
2602.14299
2602.14297
2602.14296
2602.14295
2602.14293
2602.14289
2602.14287
2602.14281
2602.14279
2602.14278
2602.14274
2602.14272
2602.14270
2602.14267
2602.14265
2602.14263
2602.14262
2602.14256
2602.14255
2602.14254
2602.14252
2602.14250
2602.14247
2602.14243
2602.14239
2602.14238
2602.14236
2602.22232
2602.14232
2602.14225
2602.14223
2602.14222
2602.14219
2602.14214
2602.14211
2602.14208
2602.15071
2602.14193
2602.18498
2602.14188
2602.14186
2602.14183
2602.14179
2602.14178
2602.14177
2602.14174
2602.14172
2602.14160
2602.14154
2602.14153
2602.14147
2602.14143
2602.14140
2602.14127
2602.14119
2602.14117
2602.14116
2602.18497
2602.14111
2602.14110
2602.14108
2602.14107
2602.14106
2602.14104
2602.14102
2602.14100
2602.14099
2602.14098
2602.14095
2602.14093
2602.14092
2602.14091
2602.14089
2602.14086
2602.14084
2602.14083
2602.14077
2602.14076
2602.14073
2602.14071
2602.14069
2602.14068
2602.14063
2602.14054
2602.14051
2602.14048
2602.14046
2602.14045
2602.14044
2602.14043
2602.14041
2602.14040
2602.14037
2602.14035
2602.14032
2602.14030
2602.14029
2602.14028
2602.14027
2602.14023
2602.14021
2602.14012
2602.14011
2602.14010
2602.14009
2602.14003
2602.14002
2602.13998
2602.13994
2602.13993
2602.13989
2602.13987
2602.16722
2602.13985
2602.13981
2602.13980
2602.13979
2602.13971
2602.13960
2602.13958
2602.15070
2602.13955
2602.13953
2602.18496
2602.22231
2602.13944
2602.13943
2602.13942
2602.13941
2602.13940
2602.13939
2602.13937
2602.13936
2602.13935
2602.13934
2602.13932
2602.13930
2602.13928
2602.13926
2602.13915
2602.13914
2602.13912
2602.13910
2602.13909
2602.13904
2602.13901
2602.13898
2602.13897
2602.13894
2602.13889
2602.13882
2602.13880
2602.13878
2602.15069
2602.13874
2602.13873
2602.13871
2602.13869
2602.13868
2602.13866
2602.13865
2602.13864
2602.13863
2602.13861
2602.13857
2602.13855
2602.13852
2602.13849
2602.13848
2602.13847
2602.13846
2602.13845
2602.13842
2602.13837
2602.13836
2602.13835
2602.13834
2602.13833
2602.13831
2602.13830
2602.13818
2602.13817
2602.13816
2602.13811
2602.13810
2602.13807
2602.13805
2602.13804
2602.13802
2602.13800
2602.13795
2602.13793
2602.13790
2602.13789
2602.13787
2602.13784
2602.13783
2602.13781
2602.13778
2602.13773
2602.13772
2602.13770
2602.13767
2602.13766
2602.13764
2602.13762
2602.13760
2602.13759
2602.13756
2602.13747
2602.13745
2602.13739
2602.13735
2602.13733
2602.13731
2602.13730
2602.13728
2602.13726
2602.13723
2602.13720
2602.13718
2602.13717
2602.13715
2602.13713
2602.13712
2602.13710
2602.13706
2602.13701
2602.15903
2602.13700
2602.13699
2602.13697
2602.13693
2602.13692
2602.13691
2602.18495
2602.13690
2602.13686
2602.13684
2602.13682
2602.13681
2602.13680
2602.13675
2602.18494
2602.13672
2602.13669
2602.13668
2602.13666
2602.13660
2602.13658
2602.15067
2602.13649
2602.13641
2602.13640
2602.13637
2602.13636
2602.13631
2602.13629
2602.13628
2602.13625
2602.13622
2602.22230
2602.13607
2602.13606
2602.13598
2602.13595
2602.13591
2602.13588
2602.13587
2602.13586
2602.13585
2602.13583
2602.13581
2602.13579
2602.13577
2602.13575
2602.13568
2602.13562
2602.13559
2602.13557
2602.13556
2602.13555
2602.13554
2602.13551
2602.13550
2602.13549
2602.13548
2602.13547
2602.13542
2602.13540
2602.13536
2602.13532
2602.13531
2602.13529
2602.13524
2602.13522
2602.13515
2602.13513
2602.13511
2602.13510
2602.13506
2602.13505
2602.13504
2602.13502
2602.13499
2602.13498
2602.13496
2602.17710
2602.13494
2602.13493
2602.13488
2602.13486
2602.13485
2602.13484
2602.13483
2602.13482
2602.13477
2602.13476
2602.13469
2602.13468
2602.13466
2602.13461
2602.13460
2602.13458
2602.13457
2602.13455
2602.13451
2602.13449
2602.13446
2602.13439
2602.13436
2602.13434
2602.13433
2602.13424
2602.13422
2602.13421
2602.13419
2602.13418
2602.13416
2602.13414
2602.13413
2602.13410
2602.13405
2602.13402
2602.13398
2602.13197
2602.13193
2602.13185
2602.13182
2602.13181
2602.13177
2602.13176
2602.13174
2602.13172
2602.13171
2602.13170
2602.13168
2602.13167
2602.13166
2602.13165
2602.13163
2602.13159
2602.13157
2602.13156
2602.13155
2602.13154
2602.13151
2602.13148
2602.13144
2602.13140
2602.13136
2602.13135
2602.13134
2602.13131
2602.13128
2602.13126
2602.13123
2602.13120
2602.15064
2602.13119
2602.13112
2602.13107
2602.13106
2602.13104
2602.13102
2602.13100
2602.13098
2602.13093
2602.18493
2602.13091
2602.13088
2602.13087
2602.13086
2602.13085
2602.13084
2602.13082
2602.13081
2602.13078
2602.13075
2602.13073
2602.13072
2602.13071
2602.13069
2602.13067
2602.13066
2602.13062
2602.13061
2602.13052
2602.13046
2602.13042
2602.13040
2602.13037
2602.13033
2602.13030
2602.13029
2602.13024
2602.13022
2602.13021
2602.13020
2602.13017
2602.13016
2602.13015
2602.13008
2602.13003
2602.12996
2602.12987
2602.12986
2602.12985
2602.12982
2602.12980
2602.12978
2602.12976
2602.12974
2602.12973
2602.12972
2602.12971
2602.12968
2602.12967
2602.12963
2602.12962
2602.12959
2602.12957
2602.12953
2602.12952
2602.12950
2602.12949
2602.12943
2602.13370
2602.12941
2602.15063
2602.13369
2602.12933
2602.12932
2602.12927
2602.12926
2602.12925
2602.12924
2602.12923
2602.12920
2602.12918
2602.12917
2602.12913
2602.15062
2602.13367
2602.12905
2602.12904
2602.12901
2602.12894
2602.12891
2602.12888
2602.15061
2602.12887
2602.12883
2602.12881
2602.12875
2602.12873
2602.12869
2602.13363
2602.12856
2602.15060
2602.12852
2602.12851
2602.12847
2602.13361
2602.12841
2602.12833
2602.12830
2602.12828
2602.12825
2602.12824
2602.12819
2602.12810
2602.12805
2602.12800
2602.13359
2602.12799
2602.12798
2602.12796
2602.12794
2602.12785
2602.12780
2602.12778
2602.12775
2602.12774
2602.12771
2602.12769
2602.12766
2602.12764
2602.12763
2602.12762
2602.12761
2602.12758
2602.12753
2602.12751
2602.12750
2602.12749
2602.12748
2602.12746
2602.12744
2602.12742
2602.12740
2602.12734
2602.13358
2602.12733
2602.12732
2602.12725
2602.12721
2602.12716
2602.12714
2602.12712
2602.12711
2602.12708
2602.12703
2602.12701
2602.12694
2602.12693
2602.12689
2602.12686
2602.12683
2602.12681
2602.12680
2602.12675
2602.12674
2602.12669
2602.12668
2602.12667
2602.15902
2602.12662
2602.12656
2602.12651
2602.12650
2602.12649
2602.12645
2602.12643
2602.12640
2602.12636
2602.12634
2602.12633
2602.12632
2602.12630
2602.12628
2602.13353
2602.13352
2602.12622
2602.12617
2602.12616
2602.12615
2602.12614
2602.20178
2602.12612
2602.17709
2602.12609
2602.12605
2602.12602
2602.12601
2602.12600
2602.12597
2602.12596
2602.12593
2602.12592
2602.12591
2602.12590
2602.12587
2602.12586
2602.12584
2602.12583
2602.15901
2602.12574
2602.15900
2602.12571
2602.12569
2602.12568
2602.20177
2602.12567
2602.12566
2602.12565
2602.12564
2602.12561
2602.12557
2602.12556
2602.12549
2602.12547
2602.12546
2602.12543
2602.12542
2602.20176
2602.12540
2602.12537
2602.12535
2602.12534
2602.12533
2602.12532
2602.12530
2602.12529
2602.12527
2602.12526
2602.12525
2602.12524
2602.12521
2602.12515
2602.12508
2602.16721
2602.12502
2602.12500
2602.12499
2602.12492
2602.12489
2602.12487
2602.12486
2602.12485
2602.13351
2602.12484
2602.12482
2602.12481
2602.12480
2602.12476
2602.12471
2602.12470
2602.12465
2602.12463
2602.17708
2602.12461
2602.12458
2602.12450
2602.12449
2602.12448
2602.12446
2602.12444
2602.12443
2602.12441
2602.15056
2602.12438
2602.12436
2602.12433
2602.13349
2602.12432
2602.12429
2602.12426
2602.12421
2602.13347
2602.20175
2602.12419
2602.12418
2602.12416
2602.12414
2602.12410
2602.12405
2602.12402
2602.12398
2602.12394
2602.12391
2602.12390
2602.12388
2602.18492
2602.12387
2602.12386
2602.12385
2602.12384
2602.12380
2602.13346
2602.12379
2602.12375
2602.12373
2602.12370
2602.12368
2602.12361
2602.12360
2602.12359
2602.12354
2602.12350
2602.12349
2602.12346
2602.12342
2602.12338
2602.12280
2602.12279
2602.12278
2602.12323
2602.12276
2602.12275
2602.12274
2602.12273
2602.12271
2602.12270
2602.12268
2602.12267
2602.12264
2602.12260
2602.12257
2602.12256
2602.12253
2602.12251
2602.12246
2602.12245
2602.12244
2602.12243
2602.12237
2602.12235
2602.12318
2602.12233
2602.12231
2602.12317
2602.12229
2602.12224
2602.12222
2602.12220
2602.12218
2602.12215
2602.12209
2602.12207
2602.12206
2602.12199
2602.12194
2602.12189
2602.12313
2602.12183
2602.12182
2602.12181
2602.12180
2602.12178
2602.12177
2602.12175
2602.12172
2602.12170
2602.12162
2602.12160
2602.12158
2602.12157
2602.12151
2602.12146
2602.12144
2602.12143
2602.12138
2602.12136
2602.12132
2602.12128
2602.12126
2602.12125
2602.12124
2602.12118
2602.12117
2602.12108
2602.12107
2602.12106
2602.12105
2602.12102
2602.12100
2602.12311
2602.12095
2602.12092
2602.12089
2602.12087
2602.12084
2602.12083
2602.12081
2602.12080
2602.12079
2602.12078
2602.12074
2602.12070
2602.12065
2602.12064
2602.12063
2602.12058
2602.12054
2602.12047
2602.12044
2602.12039
2602.12038
2602.12036
2602.12032
2602.12029
2602.12028
2602.12026
2602.12024
2602.12021
2602.12014
2602.12013
2602.12012
2602.12009
2602.12005
2602.12002
2602.11998
2602.11995
2602.11993
2602.11986
2602.11982
2602.11978
2602.11977
2602.11975
2602.11973
2602.11969
2602.11968
2602.11967
2602.11966
2602.11965
2602.11961
2602.11959
2602.11957
2602.11956
2602.11954
2602.11953
2602.13339
2602.11951
2602.11949
2602.11948
2602.11946
2602.11945
2602.11942
2602.11934
2602.11929
2602.11925
2602.11924
2602.11920
2602.11918
2602.11917
2602.11914
2602.11911
2602.11910
2602.12309
2602.11907
2602.11903
2602.11902
2602.11897
2602.11896
2602.11893
2602.11890
2602.11887
2602.11886
2602.11885
2602.11882
2602.11881
2602.11880
2602.11875
2602.11874
2602.11871
2602.11865
2602.11863
2602.11862
2602.11861
2602.11860
2602.11857
2602.11855
2602.11854
2602.11852
2602.11851
2602.11850
2602.11846
2602.11845
2602.11841
2602.11836
2602.11835
2602.11834
2602.11829
2602.11826
2602.11825
2602.11822
2602.11814
2602.11810
2602.11808
2602.11807
2602.11805
2602.11804
2602.11801
2602.11800
2602.11799
2602.11798
2602.11796
2602.11795
2602.11794
2602.11793
2602.11791
2602.11790
2602.11789
2602.11788
2602.11785
2602.11782
2602.11780
2602.11776
2602.11773
2602.11772
2602.11771
2602.11769
2602.11767
2602.11764
2602.11761
2602.11759
2602.11758
2602.11756
2602.11754
2602.12937
2602.11753
2602.11749
2602.11746
2602.11741
2602.11740
2602.11735
2602.11733
2602.11732
2602.11726
2602.11722
2602.11719
2602.11716
2602.11715
2602.11714
2602.11711
2602.11710
2602.11707
2602.11705
2602.11706
2602.11704
2602.11703
2602.11699
2602.11698
2602.11693
2602.11692
2602.11691
2602.11690
2602.11686
2602.11679
2602.11675
2602.11672
2602.11669
2602.11668
2602.11666
2602.11665
2602.11663
2602.11662
2602.11661
2602.11660
2602.11658
2602.11655
2602.11651
2602.11650
2602.11648
2602.11646
2602.11643
2602.11642
2602.11641
2602.11638
2602.11636
2602.11632
2602.11631
2602.11630
2602.11629
2602.11628
2602.11625
2602.11623
2602.11618
2602.11614
2602.11609
2602.11607
2602.11606
2602.12306
2602.11588
2602.11585
2602.11584
2602.11583
2602.11581
2602.11578
2602.11577
2602.12305
2602.11575
2602.11573
2602.11569
2602.11568
2602.11567
2602.11564
2602.11562
2602.11557
2602.21237
2602.11554
2602.11549
2602.11547
2602.11545
2602.11544
2602.11543
2602.11541
2602.11536
2602.11534
2602.11528
2602.11527
2602.11524
2602.11522
2602.11521
2602.11520
2602.12304
2602.11516
2602.11507
2602.11505
2602.11500
2602.11499
2602.11498
2602.11495
2602.11494
2602.11492
2602.11491
2602.11487
2602.11486
2602.11483
2602.11482
2602.11481
2602.11476
2602.11472
2602.11470
2602.11468
2602.11467
2602.11465
2602.11464
2602.11461
2602.11456
2602.11455
2602.11454
2602.11453
2602.11448
2602.11447
2602.11446
2602.11440
2602.11439
2602.11437
2602.11436
2602.11435
2602.11434
2602.11425
2602.11424
2602.11419
2602.11417
2602.11412
2602.11411
2602.11410
2602.11408
2602.11407
2602.11406
2602.11404
2602.11401
2602.11400
2602.11399
2602.11398
2602.11395
2602.11393
2602.11390
2602.11389
2602.11388
2602.11387
2602.11383
2602.11382
2602.11381
2602.11378
2602.11376
2602.11368
2602.11367
2602.11366
2602.11364
2602.11363
2602.11362
2602.11360
2602.11358
2602.11357
2602.11353
2602.11350
2602.11349
2602.11340
2602.11336
2602.11332
2602.11330
2602.11327
2602.11325
2602.11324
2602.11323
2602.11321
2602.11320
2602.11315
2602.11313
2602.11311
2602.11301
2602.11298
2602.11295
2602.11292
2602.11291
2602.11287
2602.11286
2602.11281
2602.11262
2602.11154
2602.11152
2602.11150
2602.11147
2602.11145
2602.11143
2602.11142
2602.15898
2602.11141
2602.11140
2602.11137
2602.11130
2602.11129
2602.11128
2602.11126
2602.11125
2602.11250
2602.11123
2602.11117
2602.11116
2602.11114
2602.11113
2602.11106
2602.11105
2602.11249
2602.11102
2602.11099
2602.11097
2602.11090
2602.11088
2602.11086
2602.11247
2602.11084
2602.11246
2602.11083
2602.11082
2602.13335
2602.11076
2602.11075
2602.11074
2602.18489
2602.11066
2602.11064
2602.11062
2602.12302
2602.11059
2602.11058
2602.11057
2602.11239
2602.11055
2602.11052
2602.11049
2602.11047
2602.11044
2602.11042
2602.11041
2602.11040
2602.11037
2602.11237
2602.11035
2602.15055
2602.11029
2602.11028
2602.11026
2602.11025
2602.11024
2602.11023
2602.11022
2602.11021
2602.11236
2602.11019
2602.11018
2602.11016
2602.11015
2602.11235
2602.11008
2602.11234
2602.11005
2602.11004
2602.11000
2602.10999
2602.10997
2602.10996
2602.10995
2602.10993
2602.10991
2602.11232
2602.10989
2602.10986
2602.10983
2602.10982
2602.10978
2602.10972
2602.10971
2602.10967
2602.10966
2602.10965
2602.10963
2602.10961
2602.10960
2602.10959
2602.10956
2602.10949
2602.11230
2602.11229
2602.10948
2602.10946
2602.10944
2602.10943
2602.10942
2602.10940
2602.15053
2602.10938
2602.10934
2602.10933
2602.10929
2602.10923
2602.10922
2602.10917
2602.10916
2602.10915
2602.15897
2602.10910
2602.13334
2602.10905
2602.10904
2602.10900
2602.10892
2602.10891
2602.10888
2602.10885
2602.10884
2602.10881
2602.10878
2602.10877
2602.10874
2602.10871
2602.10870
2602.10869
2602.10868
2602.10867
2602.10864
2602.10858
2602.10854
2602.10851
2602.10847
2602.15896
2602.10844
2602.10843
2602.10833
2602.10832
2602.10829
2602.10827
2602.11223
2602.10824
2602.10823
2602.10820
2602.10816
2602.15895
2602.10815
2602.10813
2602.10811
2602.10810
2602.10808
2602.10806
2602.10802
2602.10801
2602.21236
2602.10796
2602.10795
2602.10794
2602.10793
2602.10792
2602.10790
2602.11221
2602.13333
2602.10787
2602.10781
2602.10778
2602.10770
2602.10765
2602.10764
2602.10763
2602.10762
2602.10758
2602.10757
2602.10754
2602.10751
2602.10747
2602.10746
2602.10745
2602.10739
2602.18487
2602.10735
2602.10734
2602.10729
2602.10727
2602.10725
2602.12300
2602.15894
2602.10722
2602.10719
2602.10717
2602.10716
2602.10712
2602.10711
2602.10710
2602.10708
2602.10706
2602.10704
2602.10703
2602.10702
2602.10701
2602.10699
2602.10698
2602.10696
2602.10691
2602.10688
2602.10687
2602.10686
2602.10685
2602.10684
2602.10680
2602.10679
2602.10670
2602.10666
2602.10662
2602.10660
2602.10659
2602.11215
2602.10655
2602.11214
2602.10654
2602.10640
2602.10637
2602.10635
2602.15893
2602.11213
2602.10633
2602.10632
2602.10631
2602.10630
2602.10626
2602.10623
2602.10619
2602.10618
2602.10615
2602.10614
2602.10613
2602.10611
2602.10610
2602.10609
2602.10608
2602.18486
2602.10607
2602.10604
2602.16720
2602.10603
2602.10602
2602.10601
2602.10598
2602.10597
2602.13330
2602.10595
2602.10594
2602.10593
2602.10592
2602.11212
2602.10587
2602.10585
2602.10584
2602.10583
2602.13329
2602.10577
2602.10573
2602.11211
2602.10565
2602.10564
2602.10561
2602.10560
2602.10559
2602.10556
2602.10555
2602.10553
2602.10552
2602.10549
2602.10548
2602.10547
2602.10545
2602.10543
2602.10542
2602.10540
2602.10538
2602.10535
2602.10532
2602.10531
2602.10530
2602.10529
2602.10527
2602.10526
2602.10525
2602.10524
2602.10516
2602.10514
2602.10513
2602.10512
2602.10510
2602.10508
2602.10506
2602.10505
2602.12299
2602.10502
2602.10501
2602.10498
2602.10496
2602.10495
2602.10494
2602.10493
2602.10492
2602.10490
2602.10489
2602.10487
2602.10486
2602.10485
2602.10483
2602.10482
2602.10481
2602.10480
2602.10479
2602.10478
2602.10473
2602.10469
2602.10468
2602.10465
2602.13326
2602.10461
2602.10459
2602.10458
2602.10456
2602.10455
2602.10454
2602.10452
2602.10451
2602.10449
2602.10445
2602.10444
2602.10442
2602.11210
2602.10438
2602.11209
2602.10432
2602.10429
2602.10422
2602.10420
2602.10418
2602.13325
2602.10417
2602.10416
2602.10414
2602.10411
2602.10410
2602.10408
2602.10407
2602.10401
2602.10400
2602.10399
2602.10392
2602.10390
2602.10388
2602.10387
2602.10386
2602.10382
2602.10381
2602.10380
2602.10378
2602.10377
2602.10371
2602.10370
2602.10368
2602.10365
2602.10364
2602.10360
2602.10359
2602.10357
2602.10356
2602.13324
2602.10354
2602.10352
2602.11208
2602.10350
2602.10345
2602.10344
2602.10343
2602.10337
2602.13323
2602.10330
2602.10329
2602.13322
2602.10326
2602.10324
2602.10321
2602.10320
2602.13321
2602.10319
2602.10314
2602.10312
2602.10304
2602.10303
2602.10300
2602.10299
2602.10298
2602.10296
2602.13320
2602.10293
2602.10290
2602.10289
2602.10286
2602.13319
2602.10285
2602.10280
2602.10278
2602.10273
2602.10272
2602.10271
2602.18483
2602.10266
2602.10265
2602.10262
2602.10261
2602.10258
2602.10254
2602.10253
2602.10252
2602.10250
2602.10249
2602.13318
2602.10246
2602.10241
2602.10239
2602.10237
2602.10234
2602.10233
2602.10231
2602.10230
2602.10229
2602.10228
2602.10226
2602.10225
2602.10222
2602.10221
2602.10219
2602.10216
2602.10212
2602.10209
2602.10116
2602.10115
2602.10114
2602.10111
2602.10109
2602.10106
2602.10105
2602.10104
2602.10102
2602.10101
2602.10100
2602.10099
2602.10098
2602.10097
2602.10096
2602.10094
2602.10085
2602.10177
2602.10083
2602.10080
2602.10074
2602.10176
2602.10073
2602.10069
2602.18482
2602.10054
2602.10053
2602.10052
2602.10050
2602.10045
2602.10044
2602.10042
2602.10039
2602.10037
2602.10036
2602.10035
2602.10032
2602.10031
2602.10030
2602.10029
2602.10028
2602.10027
2602.10024
2602.10023
2602.10021
2602.10020
2602.10019
2602.10016
2602.10014
2602.10013
2602.10007
2602.10006
2602.10004
2602.10003
2602.10001
2602.09997
2602.09994
2602.09992
2602.09991
2602.09989
2602.09988
2602.09987
2602.09985
2602.09983
2602.09980
2602.09979
2602.09978
2602.09971
2602.09970
2602.09969
2602.09959
2602.20171
2602.09949
2602.09948
2602.09947
2602.09944
2602.09942
2602.09940
2602.16719
2602.09936
2602.09935
2602.09934
2602.09933
2602.09932
2602.10173
2602.09924
2602.09921
2602.09919
2602.09918
2602.10172
2602.09910
2602.09909
2602.09907
2602.09905
2602.09902
2602.09901
2602.09896
2602.09892
2602.09888
2602.09883
2602.09882
2602.09878
2602.09877
2602.09874
2602.09873
2602.09870
2602.09868
2602.09864
2602.09863
2602.09857
2602.09856
2602.09851
2602.09850
2602.09848
2602.09846
2602.09843
2602.09842
2602.09841
2602.09834
2602.09832
2602.09829
2602.09824
2602.17706
2602.09822
2602.09821
2602.18481
2602.09817
2602.09813
2602.09810
2602.09801
2602.09798
2602.09793
2602.09791
2602.10169
2602.09789
2602.09783
2602.09781
2602.09776
2602.09774
2602.09767
2602.09764
2602.09761
2602.09760
2602.09757
2602.09748
2602.09746
2602.13316
2602.09740
2602.10167
2602.09736
2602.09735
2602.09730
2602.09726
2602.09725
2602.09723
2602.09722
2602.09721
2602.09719
2602.09718
2602.09716
2602.09714
2602.09713
2602.09711
2602.09708
2602.09707
2602.09703
2602.09702
2602.09701
2602.10166
2602.09686
2602.09681
2602.09678
2602.13315
2602.09662
2602.09661
2602.09657
2602.09653
2602.13314
2602.09651
2602.09639
2602.09638
2602.09636
2602.09633
2602.09631
2602.09629
2602.13313
2602.09628
2602.09627
2602.09620
2602.09618
2602.09616
2602.09613
2602.09611
2602.09609
2602.09608
2602.09606
2602.09604
2602.09597
2602.09591
2602.10164
2602.09585
2602.09583
2602.13312
2602.09580
2602.09578
2602.09577
2602.09576
2602.09574
2602.09573
2602.09572
2602.09570
2602.09569
2602.09566
2602.09563
2602.09562
2602.09555
2602.09554
2602.09552
2602.09551
2602.09543
2602.09538
2602.09533
2602.09530
2602.09529
2602.09522
2602.09521
2602.09518
2602.09516
2602.09515
2602.09509
2602.09507
2602.09506
2602.09502
2602.09500
2602.09499
2602.09497
2602.09496
2602.09494
2602.09493
2602.11204
2602.09489
2602.09486
2602.10162
2602.09484
2602.09483
2602.09477
2602.09476
2602.09474
2602.09473
2602.09472
2602.09469
2602.09467
2602.09462
2602.09457
2602.09455
2602.09449
2602.09445
2602.09444
2602.09441
2602.10161
2602.09437
2602.09435
2602.09434
2602.09433
2602.09432
2602.09430
2602.09429
2602.09427
2602.09425
2602.09424
2602.09423
2602.09417
2602.10160
2602.09415
2602.09414
2602.09413
2602.09412
2602.09410
2602.13311
2602.09405
2602.18479
2602.09402
2602.09401
2602.09396
2602.09395
2602.09394
2602.09392
2602.09389
2602.09388
2602.09387
2602.09386
2602.13310
2602.09385
2602.09384
2602.09381
2602.13309
2602.09375
2602.09374
2602.09373
2602.09372
2602.09370
2602.09369
2602.09368
2602.09366
2602.09362
2602.09360
2602.09355
2602.10157
2602.09353
2602.09349
2602.22229
2602.09347
2602.09343
2602.09341
2602.09339
2602.09338
2602.09337
2602.09333
2602.09331
2602.09328
2602.09326
2602.09325
2602.09324
2602.09323
2602.09316
2602.09315
2602.13308
2602.09314
2602.09312
2602.09311
2602.09307
2602.09304
2602.09303
2602.09302
2602.09299
2602.09296
2602.09294
2602.09292
2602.09290
2602.13307
2602.09289
2602.09287
2602.09286
2602.09282
2602.09276
2602.09273
2602.09270
2602.09268
2602.09263
2602.09259
2602.09256
2602.09254
2602.09246
2602.09242
2602.09240
2602.09239
2602.09238
2602.09236
2602.09235
2602.09234
2602.20170
2602.09233
2602.09229
2602.09227
2602.09225
2602.09222
2602.09220
2602.09216
2602.09210
2602.10154
2602.09209
2602.09207
2602.09206
2602.09204
2602.09203
2602.09202
2602.09197
2602.09196
2602.09194
2602.09190
2602.09188
2602.09185
2602.09182
2602.09181
2602.09176
2602.09174
2602.09173
2602.09169
2602.09165
2602.09164
2602.09162
2602.09161
2602.09155
2602.09154
2602.09153
2602.10153
2602.13306
2602.09148
2602.13305
2602.09132
2602.09128
2602.09127
2602.09126
2602.09123
2602.09120
2602.09118
2602.09116
2602.09112
2602.09110
2602.09109
2602.09101
2602.09093
2602.09024
2602.09023
2602.09022
2602.09021
2602.20169
2602.09013
2602.09009
2602.09003
2602.09002
2602.09001
2602.08999
2602.08998
2602.08997
2602.09081
2602.08996
2602.08994
2602.08993
2602.10150
2602.10149
2602.18478
2602.08989
2602.10148
2602.08980
2602.08979
2602.08976
2602.08975
2602.08972
2602.08970
2602.08966
2602.08965
2602.08963
2602.08962
2602.09080
2602.08961
2602.08958
2602.13303
2602.08953
2602.08952
2602.08951
2602.08949
2602.09079
2602.08941
2602.08938
2602.08937
2602.08934
2602.08933
2602.08927
2602.08925
2602.08923
2602.08917
2602.08916
2602.09078
2602.08915
2602.08914
2602.08909
2602.08907
2602.08905
2602.09076
2602.08894
2602.08892
2602.08891
2602.08887
2602.08886
2602.08882
2602.08880
2602.08878
2602.08877
2602.08874
2602.17705
2602.08871
2602.08868
2602.08862
2602.08861
2602.08858
2602.08857
2602.08849
2602.08848
2602.08846
2602.08845
2602.08843
2602.08842
2602.08838
2602.08837
2602.08835
2602.08830
2602.08829
2602.08826
2602.08825
2602.10147
2602.08822
2602.08821
2602.08817
2602.08816
2602.08813
2602.08810
2602.08809
2602.08804
2602.08801
2602.08799
2602.08798
2602.08797
2602.08796
2602.08794
2602.08793
2602.08792
2602.08786
2602.08785
2602.08784
2602.08783
2602.08782
2602.08776
2602.08768
2602.08764
2602.08762
2602.08755
2602.08754
2602.08753
2602.08751
2602.10145
2602.08747
2602.08741
2602.08740
2602.08736
2602.08734
2602.08733
2602.08730
2602.08728
2602.08727
2602.08726
2602.08725
2602.08724
2602.08723
2602.08722
2602.08718
2602.08717
2602.08714
2602.08709
2602.08708
2602.08707
2602.08706
2602.08700
2602.08698
2602.08696
2602.08695
2602.08692
2602.08690
2602.08689
2602.08686
2602.08679
2602.08678
2602.08670
2602.08669
2602.08661
2602.08658
2602.15049
2602.08657
2602.08652
2602.08646
2602.08642
2602.08639
2602.08636
2602.08632
2602.08630
2602.08629
2602.08625
2602.08624
2602.08621
2602.08620
2602.08619
2602.08617
2602.08615
2602.08613
2602.08612
2602.08607
2602.08606
2602.08600
2602.08599
2602.08593
2602.08590
2602.18476
2602.08589
2602.08580
2602.08579
2602.08575
2602.08571
2602.08570
2602.08569
2602.08559
2602.08558
2602.08557
2602.08556
2602.08554
2602.08549
2602.13301
2602.08548
2602.08546
2602.08545
2602.08542
2602.08540
2602.08538
2602.08537
2602.08535
2602.08533
2602.08532
2602.08531
2602.08530
2602.08529
2602.08528
2602.08524
2602.13299
2602.08520
2602.08518
2602.08513
2602.08511
2602.08508
2602.08505
2602.08504
2602.08501
2602.08489
2602.08485
2602.08482
2602.09071
2602.08478
2602.08473
2602.08471
2602.08467
2602.08466
2602.08465
2602.13298
2602.08462
2602.08461
2602.08457
2602.08456
2602.08452
2602.08450
2602.08448
2602.08444
2602.08441
2602.08437
2602.13297
2602.13296
2602.09070
2602.08430
2602.20168
2602.08427
2602.08426
2602.08422
2602.08407
2602.08406
2602.08404
2602.08403
2602.08401
2602.08400
2602.08395
2602.09067
2602.08391
2602.08389
2602.08387
2602.08383
2602.08376
2602.08374
2602.08372
2602.08370
2602.08368
2602.08363
2602.08362
2602.08351
2602.08350
2602.08349
2602.18474
2602.08340
2602.08333
2602.08332
2602.08331
2602.08329
2602.08328
2602.08326
2602.08323
2602.08322
2602.08321
2602.08315
2602.20167
2602.08307
2602.08306
2602.08302
2602.08300
2602.08299
2602.08297
2602.08296
2602.08295
2602.08294
2602.10142
2602.08290
2602.08289
2602.09064
2602.08287
2602.13293
2602.08285
2602.08282
2602.08281
2602.08279
2602.08278
2602.08276
2602.08275
2602.08274
2602.08272
2602.08271
2602.08269
2602.08267
2602.08266
2602.18473
2602.08259
2602.08257
2602.08255
2602.08254
2602.08252
2602.08251
2602.08249
2602.08246
2602.08244
2602.08243
2602.08242
2602.13292
2602.08240
2602.08239
2602.08238
2602.08235
2602.08234
2602.08233
2602.08232
2602.08230
2602.08227
2602.08226
2602.08224
2602.08222
2602.08220
2602.08219
2602.08216
2602.08215
2602.08214
2602.08213
2602.20166
2602.08208
2602.08202
2602.08201
2602.08199
2602.08198
2602.08197
2602.08192
2602.08191
2602.08189
2602.08187
2602.08186
2602.08185
2602.08182
2602.08181
2602.15891
2602.08174
2602.13291
2602.08173
2602.08171
2602.18472
2602.08170
2602.08167
2602.18471
2602.08166
2602.18470
2602.08165
2602.18469
2602.09061
2602.08160
2602.08159
2602.08151
2602.08148
2602.08146
2602.08142
2602.08136
2602.08133
2602.08129
2602.08123
2602.08121
2602.08119
2602.08116
2602.13290
2602.08110
2602.13289
2602.08105
2602.10140
2602.08104
2602.08098
2602.08097
2602.08096
2602.08094
2602.08092
2602.08088
2602.08086
2602.08085
2602.08084
2602.08082
2602.08081
2602.08080
2602.08077
2602.08068
2602.08067
2602.08064
2602.08062
2602.08061
2602.08060
2602.08059
2602.09058
2602.08050
2602.08047
2602.08046
2602.08043
2602.08042
2602.08041
2602.08040
2602.08033
2602.08032
2602.08031
2602.08030
2602.18468
2602.08029
2602.08028
2602.08027
2602.08021
2602.08020
2602.08019
2602.08015
2602.08014
2602.08013
2602.08012
2602.08007
2602.08005
2602.08004
2602.18466
2602.08003
2602.08002
2602.08000
2602.07997
2602.07992
2602.07987
2602.07986
2602.07983
2602.07982
2602.07980
2602.07979
2602.07975
2602.07974
2602.07967
2602.07964
2602.07958
2602.10138
2602.07955
2602.07953
2602.07950
2602.07947
2602.10137
2602.07945
2602.07943
2602.07938
2602.07937
2602.07936
2602.07932
2602.07931
2602.07930
2602.07927
2602.07924
2602.07922
2602.07919
2602.07918
2602.07913
2602.07907
2602.07906
2602.07903
2602.07900
2602.07899
2602.07893
2602.07892
2602.07886
2602.07885
2602.07882
2602.07881
2602.07878
2602.07875
2602.07872
2602.07870
2602.07869
2602.07868
2602.07866
2602.07865
2602.07860
2602.07859
2602.07855
2602.07854
2602.07853
2602.07852
2602.07850
2602.07849
2602.07847
2602.07846
2602.07845
2602.07837
2602.07835
2602.07834
2602.07832
2602.07830
2602.07828
2602.07821
2602.07820
2602.07816
2602.07812
2602.07804
2602.07802
2602.07800
2602.07798
2602.07794
2602.07789
2602.07784
2602.07783
2602.07782
2602.07781
2602.07778
2602.07777
2602.07776
2602.07775
2602.07774
2602.07765
2602.07761
2602.07756
2602.07749
2602.07748
2602.07744
2602.07742
2602.07739
2602.07738
2602.07736
2602.07732
2602.07730
2602.07729
2602.07725
2602.07724
2602.07722
2602.07720
2602.07719
2602.07718
2602.07717
2602.07715
2602.13288
2602.07712
2602.07710
2602.22228
2602.07709
2602.07706
2602.13287
2602.07698
2602.07697
2602.07695
2602.07689
2602.07687
2602.07685
2602.07683
2602.07681
2602.07680
2602.07677
2602.07674
2602.07670
2602.07668
2602.07666
2602.07664
2602.09057
2602.07662
2602.07659
2602.07656
2602.07652
2602.07641
2602.07639
2602.07635
2602.07633
2602.07632
2602.07630
2602.07629
2602.07628
2602.07627
2602.07624
2602.07618
2602.07614
2602.07608
2602.07607
2602.07606
2602.07605
2602.07603
2602.07602
2602.07601
2602.07599
2602.07598
2602.15048
2602.07596
2602.07595
2602.07590
2602.07589
2602.07588
2602.07584
2602.07581
2602.07579
2602.07576
2602.07572
2602.07570
2602.07569
2602.07568
2602.07566
2602.07564
2602.07563
2602.07561
2602.07559
2602.07555
2602.07554
2602.07553
2602.07552
2602.07548
2602.07547
2602.07546
2602.07544
2602.13286
2602.07543
2602.07540
2602.07539
2602.07535
2602.07534
2602.07533
2602.07530
2602.07529
2602.07526
2602.07525
2602.07523
2602.07521
2602.07520
2602.07519
2602.07518
2602.07517
2602.07513
2602.07512
2602.07509
2602.07508
2602.07506
2602.07503
2602.07498
2602.07496
2602.07495
2602.07494
2602.07493
2602.07491
2602.07483
2602.07479
2602.07478
2602.07477
2602.07475
2602.07474
2602.07473
2602.07472
2602.07470
2602.07466
2602.07465
2602.07458
2602.07457
2602.07456
2602.07455
2602.07453
2602.07444
2602.07440
2602.07439
2602.10134
2602.07435
2602.07434
2602.07433
2602.07432
2602.07429
2602.07428
2602.07425
2602.07422
2602.07421
2602.07414
2602.07413
2602.07412
2602.21233
2602.07411
2602.07410
2602.17701
2602.07399
2602.07398
2602.07397
2602.07396
2602.07395
2602.07394
2602.07388
2602.07385
2602.07382
2602.07381
2602.07379
2602.07378
2602.07375
2602.07374
2602.07371
2602.07370
2602.07369
2602.07363
2602.16718
2602.07358
2602.07356
2602.21232
2602.07355
2602.07343
2602.07341
2602.07338
2602.07336
2602.07333
2602.07326
2602.07324
2602.07322
2602.07320
2602.07316
2602.07312
2602.07311
2602.07310
2602.07309
2602.07308
2602.07306
2602.07301
2602.07299
2602.07298
2602.07297
2602.15890
2602.07291
2602.13284
2602.07287
2602.07285
2602.07284
2602.07283
2602.07280
2602.07279
2602.07277
2602.07276
2602.07274
2602.07273
2602.07272
2602.07266
2602.07265
2602.18465
2602.07264
2602.21231
2602.07263
2602.07261
2602.07260
2602.07259
2602.07258
2602.17700
2602.07256
2602.07253
2602.07251
2602.07249
2602.07248
2602.07243
2602.07242
2602.07240
2602.07237
2602.07235
2602.07233
2602.07230
2602.07223
2602.07219
2602.07218
2602.07216
2602.07215
2602.07211
2602.07209
2602.07208
2602.07207
2602.07205
2602.07203
2602.07202
2602.07200
2602.07198
2602.07197
2602.07195
2602.09050
2602.07193
2602.07192
2602.07190
2602.07189
2602.07185
2602.07184
2602.07176
2602.07174
2602.07173
2602.07168
2602.07164
2602.07162
2602.07160
2602.07158
2602.07156
2602.07154
2602.07152
2602.07147
2602.07146
2602.07145
2602.07144
2602.07142
2602.07141
2602.07139
2602.07135
2602.13283
2602.07132
2602.17699
2602.07126
2602.07125
2602.07120
2602.06964
2602.06959
2602.06958
2602.06953
2602.06950
2602.06948
2602.08713
2602.06945
2602.06944
2602.06941
2602.06940
2602.06939
2602.07107
2602.06938
2602.06937
2602.06934
2602.06932
2602.06930
2602.06927
2602.06923
2602.06916
2602.06915
2602.17698
2602.06911
2602.07106
2602.06909
2602.06907
2602.16807
2602.06903
2602.06902
2602.06899
2602.06887
2602.06886
2602.07104
2602.06884
2602.06883
2602.06880
2602.06879
2602.06874
2602.06873
2602.06869
2602.06868
2602.06866
2602.06047
2602.06864
2602.06862
2602.06860
2602.06859
2602.06854
2602.06852
2602.06850
2602.06849
2602.06847
2602.06846
2602.06843
2602.06842
2602.06838
2602.06837
2602.07102
2602.06834
2602.13282
2602.06831
2602.17697
2602.06830
2602.06827
2602.06825
2602.17696
2602.06824
2602.06822
2602.06819
2602.06818
2602.06817
2602.06811
2602.06810
2602.06807
2602.06805
2602.06801
2602.06800
2602.06799
2602.06797
2602.06795
2602.07101
2602.06792
2602.06791
2602.06788
2602.06786
2602.07100
2602.06778
2602.06776
2602.06775
2602.06774
2602.06773
2602.06772
2602.06771
2602.06769
2602.06767
2602.06766
2602.18462
2602.06761
2602.07098
2602.06759
2602.06756
2602.06754
2602.17695
2602.06749
2602.06748
2602.06746
2602.06741
2602.06735
2602.06734
2602.06733
2602.06721
2602.06709
2602.06706
2602.06702
2602.15889
2602.06700
2602.06699
2602.06698
2602.06695
2602.06694
2602.06693
2602.06689
2602.15888
2602.06680
2602.06678
2602.17694
2602.06676
2602.06675
2602.06671
2602.06669
2602.06668
2602.06665
2602.07094
2602.06658
2602.06655
2602.06654
2602.06653
2602.06650
2602.06647
2602.06644
2602.06643
2602.06639
2602.06636
2602.06634
2602.06633
2602.06630
2602.06627
2602.06626
2602.06623
2602.06622
2602.06621
2602.06620
2602.06616
2602.06613
2602.06612
2602.06609
2602.06610
2602.06608
2602.06603
2602.06602
2602.06601
2602.06600
2602.06598
2602.06596
2602.06595
2602.06594
2602.06593
2602.06590
2602.06586
2602.06585
2602.06584
2602.06582
2602.06578
2602.06577
2602.06576
2602.06575
2602.06574
2602.06572
2602.06570
2602.06565
2602.06563
2602.06557
2602.06555
2602.15886
2602.06552
2602.06549
2602.15885
2602.06548
2602.06547
2602.09046
2602.06545
2602.06542
2602.06541
2602.06540
2602.06535
2602.06534
2602.06532
2602.06529
2602.07090
2602.06525
2602.07089
2602.06521
2602.06519
2602.07088
2602.06518
2602.17693
2602.06516
2602.06514
2602.06512
2602.06510
2602.06508
2602.06506
2602.06503
2602.06502
2602.06500
2602.06499
2602.06498
2602.13281
2602.06495
2602.11203
2602.06493
2602.06490
2602.06489
2602.16717
2602.06479
2602.07085
2602.13280
2602.06471
2602.06470
2602.06467
2602.06466
2602.06464
2602.07084
2602.06460
2602.06457
2602.18461
2602.06456
2602.06453
2602.06452
2602.06450
2602.06445
2602.17692
2602.06441
2602.06440
2602.06437
2602.06436
2602.06433
2602.06431
2602.06430
2602.06429
2602.06427
2602.06426
2602.06425
2602.06422
2602.17691
2602.07082
2602.06419
2602.06418
2602.06413
2602.06412
2602.06411
2602.06409
2602.06404
2602.06399
2602.06396
2602.06395
2602.06394
2602.06391
2602.17690
2602.06390
2602.06386
2602.06385
2602.06382
2602.06380
2602.06377
2602.06375
2602.06374
2602.06373
2602.06369
2602.06366
2602.06365
2602.07080
2602.06363
2602.06361
2602.06359
2602.06358
2602.06355
2602.06353
2602.06350
2602.06348
2602.06346
2602.06345
2602.13279
2602.07078
2602.06343
2602.06341
2602.06339
2602.06336
2602.06335
2602.06333
2602.06331
2602.06330
2602.18460
2602.06327
2602.06326
2602.06325
2602.06323
2602.06320
2602.06317
2602.13278
2602.06313
2602.06310
2602.06305
2602.06300
2602.06297
2602.06296
2602.06294
2602.17689
2602.06292
2602.06288
2602.06287
2602.06282
2602.06278
2602.07073
2602.06276
2602.06275
2602.06271
2602.06269
2602.06266
2602.06265
2602.06264
2602.06263
2602.06260
2602.06257
2602.06256
2602.06254
2602.06253
2602.06252
2602.06251
2602.06249
2602.06247
2602.06246
2602.06245
2602.06243
2602.17688
2602.06242
2602.06241
2602.06239
2602.06238
2602.06232
2602.06229
2602.06227
2602.06226
2602.06223
2602.17687
2602.06219
2602.06218
2602.06209
2602.06208
2602.06207
2602.06206
2602.06205
2602.06204
2602.06203
2602.18459
2602.06197
2602.06195
2602.06194
2602.06191
2602.06190
2602.06187
2602.06180
2602.06177
2602.06176
2602.06175
2602.06172
2602.07070
2602.06164
2602.06159
2602.06158
2602.06157
2602.06155
2602.06154
2602.15884
2602.06146
2602.06138
2602.06136
2602.06134
2602.07068
2602.06130
2602.06129
2602.06127
2602.06122
2602.18458
2602.06110
2602.06043
2602.06042
2602.06041
2602.06037
2602.06036
2602.06035
2602.06033
2602.06032
2602.06030
2602.06031
2602.06029
2602.06028
2602.06025
2602.06107
2602.06023
2602.06021
2602.06020
2602.06019
2602.06018
2602.06014
2602.06009
2602.06006
2602.06005
2602.06001
2602.06000
2602.05999
2602.05998
2602.06105
2602.05997
2602.05996
2602.05993
2602.05987
2602.05983
2602.05977
2602.05971
2602.05970
2602.06103
2602.05967
2602.05966
2602.05953
2602.05948
2602.05946
2602.05945
2602.05944
2602.05943
2602.05940
2602.05936
2602.05933
2602.05931
2602.05930
2602.05928
2602.05927
2602.05925
2602.05922
2602.05920
2602.05915
2602.05910
2602.05909
2602.05905
2602.05904
2602.05903
2602.05898
2602.05896
2602.05895
2602.05890
2602.05888
2602.05887
2602.05885
2602.05884
2602.05883
2602.05882
2602.05880
2602.05877
2602.05875
2602.05869
2602.05868
2602.05867
2602.05864
2602.05863
2602.05862
2602.05861
2602.15883
2602.05859
2602.05856
2602.05855
2602.05854
2602.05853
2602.05852
2602.05850
2602.05849
2602.05846
2602.05845
2602.05844
2602.05842
2602.05838
2602.05837
2602.05836
2602.05835
2602.05833
2602.05827
2602.05826
2602.05825
2602.05819
2602.05817
2602.05813
2602.06101
2602.05812
2602.05811
2602.05802
2602.05801
2602.13277
2602.05798
2602.05797
2602.05792
2602.05791
2602.05790
2602.05786
2602.18457
2602.05779
2602.05776
2602.05774
2602.05773
2602.05767
2602.05762
2602.05760
2602.05759
2602.05758
2602.05754
2602.05751
2602.05749
2602.05748
2602.05744
2602.05743
2602.05742
2602.05739
2602.05738
2602.05737
2602.05735
2602.05728
2602.05725
2602.05724
2602.05723
2602.06100
2602.05709
2602.05708
2602.05706
2602.05704
2602.05703
2602.15882
2602.05702
2602.05695
2602.05694
2602.05693
2602.05690
2602.07065
2602.05688
2602.05687
2602.05686
2602.05683
2602.05679
2602.05676
2602.05675
2602.05674
2602.05671
2602.05670
2602.05668
2602.05666
2602.05663
2602.05660
2602.07063
2602.05657
2602.05654
2602.05650
2602.05648
2602.21230
2602.13276
2602.05646
2602.13275
2602.07062
2602.05644
2602.05641
2602.05639
2602.05629
2602.05628
2602.06097
2602.05625
2602.05619
2602.05617
2602.05612
2602.05608
2602.05605
2602.05602
2602.05600
2602.05599
2602.05596
2602.05595
2602.05590
2602.05588
2602.05582
2602.05580
2602.05574
2602.05572
2602.05570
2602.05567
2602.05565
2602.05557
2602.05551
2602.07061
2602.05549
2602.05547
2602.05544
2602.05541
2602.05540
2602.05538
2602.05535
2602.05534
2602.05533
2602.05531
2602.05528
2602.05527
2602.05517
2602.05516
2602.05514
2602.05513
2602.07060
2602.05510
2602.13274
2602.05508
2602.05506
2602.05503
2602.05495
2602.05493
2602.05492
2602.05490
2602.05489
2602.05486
2602.05485
2602.05484
2602.05483
2602.05479
2602.05476
2602.05474
2602.05468
2602.05467
2602.05464
2602.05462
2602.05459
2602.05458
2602.05456
2602.05454
2602.05453
2602.05449
2602.05446
2602.05445
2602.11202
2602.05444
2602.05443
2602.07059
2602.06093
2602.05440
2602.05435
2602.05434
2602.18456
2602.05431
2602.05430
2602.05426
2602.05424
2602.05420
2602.05416
2602.05413
2602.05408
2602.05407
2602.05405
2602.05403
2602.05400
2602.05397
2602.05395
2602.05394
2602.05393
2602.05390
2602.05387
2602.05379
2602.05375
2602.05370
2602.05367
2602.05362
2602.05359
2602.05356
2602.05353
2602.05352
2602.05347
2602.05346
2602.05344
2602.05340
2602.05339
2602.05335
2602.05333
2602.05329
2602.05327
2602.05325
2602.05324
2602.05323
2602.05321
2602.05319
2602.17686
2602.05315
2602.05312
2602.13273
2602.05310
2602.05307
2602.06088
2602.05305
2602.05304
2602.05299
2602.05298
2602.05297
2602.05293
2602.05292
2602.06087
2602.05289
2602.05286
2602.05280
2602.05279
2602.05275
2602.05273
2602.05270
2602.05269
2602.05265
2602.05262
2602.05258
2602.05252
2602.05250
2602.05243
2602.05242
2602.05240
2602.05238
2602.15045
2602.05235
2602.05232
2602.05227
2602.05220
2602.05219
2602.05218
2602.05217
2602.05216
2602.05214
2602.05213
2602.05208
2602.05207
2602.05205
2602.05202
2602.05198
2602.05193
2602.05192
2602.05190
2602.05189
2602.18455
2602.05186
2602.05184
2602.05183
2602.05182
2602.05181
2602.05179
2602.05174
2602.13272
2602.05172
2602.05167
2602.05166
2602.05164
2602.05163
2602.05162
2602.05159
2602.05156
2602.05152
2602.05148
2602.05145
2602.05144
2602.05143
2602.06085
2602.05139
2602.05136
2602.05134
2602.05129
2602.05128
2602.05126
2602.05125
2602.05123
2602.05121
2602.05119
2602.05114
2602.05111
2602.05109
2602.05107
2602.05106
2602.05105
2602.05098
2602.05097
2602.05093
2602.05092
2602.05089
2602.17685
2602.05085
2602.05084
2602.07057
2602.05083
2602.05081
2602.05079
2602.11201
2602.05078
2602.05075
2602.05073
2602.05072
2602.05068
2602.05065
2602.05064
2602.05062
2602.05060
2602.05058
2602.05056
2602.05053
2602.05049
2602.05047
2602.05043
2602.05042
2602.05036
2602.05035
2602.05033
2602.07056
2602.13271
2602.05027
2602.05026
2602.05019
2602.05018
2602.05017
2602.05016
2602.05013
2602.05012
2602.05010
2602.05006
2602.05002
2602.04998
2602.04994
2602.04992
2602.04990
2602.04986
2602.04985
2602.04983
2602.04981
2602.07055
2602.04975
2602.04881
2602.04880
2602.04879
2602.04876
2602.04944
2602.04873
2602.04872
2602.04870
2602.04871
2602.04943
2602.04863
2602.04862
2602.04859
2602.04856
2602.04852
2602.04851
2602.04850
2602.04849
2602.04847
2602.04846
2602.04843
2602.04842
2602.04841
2602.04838
2602.04836
2602.07054
2602.04832
2602.04830
2602.04829
2602.04825
2602.04824
2602.04821
2602.04820
2602.04819
2602.04817
2602.04816
2602.04815
2602.04814
2602.04812
2602.17684
2602.04810
2602.04809
2602.04808
2602.04807
2602.04805
2602.17683
2602.04799
2602.04795
2602.04789
2602.04787
2602.04785
2602.04784
2602.04782
2602.15043
2602.17682
2602.04780
2602.06081
2602.04776
2602.04770
2602.04769
2602.04768
2602.04764
2602.04763
2602.04761
2602.04759
2602.04755
2602.04753
2602.04752
2602.04750
2602.04749
2602.04746
2602.04745
2602.04736
2602.18454
2602.04728
2602.04726
2602.04722
2602.04718
2602.04717
2602.04714
2602.04713
2602.04712
2602.04711
2602.04938
2602.04709
2602.04707
2602.04706
2602.04705
2602.04703
2602.04700
2602.04699
2602.04697
2602.07052
2602.07051
2602.09044
2602.04694
2602.04690
2602.04689
2602.04683
2602.04679
2602.04678
2602.04677
2602.04675
2602.04672
2602.04669
2602.04665
2602.04659
2602.04657
2602.17681
2602.04653
2602.04652
2602.04651
2602.04649
2602.04648
2602.07050
2602.18453
2602.13270
2602.13269
2602.04641
2602.04640
2602.04635
2602.04632
2602.04631
2602.04628
2602.04625
2602.04621
2602.04617
2602.04616
2602.04613
2602.04611
2602.04609
2602.04608
2602.04604
2602.15881
2602.04600
2602.04598
2602.04596
2602.04595
2602.04935
2602.04588
2602.04587
2602.04585
2602.04583
2602.04582
2602.04579
2602.04577
2602.04575
2602.04572
2602.04565
2602.04562
2602.04557
2602.07049
2602.04556
2602.04555
2602.04549
2602.04548
2602.04546
2602.04540
2602.04536
2602.18452
2602.17680
2602.04531
2602.04529
2602.04527
2602.04933
2602.04523
2602.04522
2602.04518
2602.04517
2602.04516
2602.04515
2602.15042
2602.04512
2602.04510
2602.04509
2602.04503
2602.21229
2602.04495
2602.04492
2602.04491
2602.04489
2602.04488
2602.04487
2602.04486
2602.04481
2602.04478
2602.04473
2602.04472
2602.04471
2602.04467
2602.04463
2602.04462
2602.04460
2602.04459
2602.04458
2602.04457
2602.04450
2602.04447
2602.04445
2602.04442
2602.04439
2602.04438
2602.04436
2602.04435
2602.04432
2602.04431
2602.17679
2602.04430
2602.04428
2602.04931
2602.04419
2602.04418
2602.04417
2602.04415
2602.07047
2602.04930
2602.04413
2602.04412
2602.04411
2602.04408
2602.04406
2602.04405
2602.04404
2602.04402
2602.04401
2602.04399
2602.04397
2602.04396
2602.04393
2602.15040
2602.04386
2602.04385
2602.04384
2602.04380
2602.04373
2602.04369
2602.04365
2602.04364
2602.04929
2602.04361
2602.04358
2602.04356
2602.04355
2602.04352
2602.15880
2602.04349
2602.04347
2602.04341
2602.04340
2602.04339
2602.04337
2602.04928
2602.04927
2602.04335
2602.04332
2602.04331
2602.04924
2602.04317
2602.04315
2602.04314
2602.07045
2602.04307
2602.04297
2602.21228
2602.04291
2602.21227
2602.04290
2602.06079
2602.13268
2602.04289
2602.04288
2602.04287
2602.04279
2602.04278
2602.04277
2602.06078
2602.04920
2602.04272
2602.04271
2602.04270
2602.04268
2602.04919
2602.04266
2602.04264
2602.04261
2602.04260
2602.04255
2602.04252
2602.04251
2602.04247
2602.04918
2602.04246
2602.04244
2602.04243
2602.20165
2602.09043
2602.04242
2602.04240
2602.04238
2602.04237
2602.04233
2602.04231
2602.13267
2602.13266
2602.04917
2602.04227
2602.04226
2602.04225
2602.04224
2602.04220
2602.04915
2602.04217
2602.04216
2602.04214
2602.04213
2602.04212
2602.04210
2602.04206
2602.07044
2602.04204
2602.09042
2602.04200
2602.11200
2602.04196
2602.04195
2602.04193
2602.04192
2602.04190
2602.04188
2602.07042
2602.04185
2602.04184
2602.04182
2602.04181
2602.04174
2602.04170
2602.04167
2602.04166
2602.04165
2602.04164
2602.04163
2602.04162
2602.04160
2602.04159
2602.04157
2602.04155
2602.13265
2602.04145
2602.11199
2602.04913
2602.04138
2602.04137
2602.04912
2602.04132
2602.13264
2602.04131
2602.04130
2602.04127
2602.04125
2602.04120
2602.04119
2602.04911
2602.04116
2602.04910
2602.04115
2602.04114
2602.04113
2602.04110
2602.04109
2602.04108
2602.04107
2602.04105
2602.04104
2602.04103
2602.04101
2602.04100
2602.04095
2602.04908
2602.04093
2602.04089
2602.04088
2602.04907
2602.04083
2602.04081
2602.04078
2602.04077
2602.04076
2602.04075
2602.04074
2602.04071
2602.04066
2602.04906
2602.04063
2602.04059
2602.04057
2602.04056
2602.04054
2602.04053
2602.04051
2602.04050
2602.04049
2602.04047
2602.04046
2602.04045
2602.04044
2602.10131
2602.04043
2602.04042
2602.07041
2602.04035
2602.04034
2602.04903
2602.04032
2602.04030
2602.13263
2602.04029
2602.04028
2602.04027
2602.04902
2602.04026
2602.04023
2602.04019
2602.04017
2602.04016
2602.04015
2602.04013
2602.04012
