2602.23361
2602.23360
2602.23359
2602.23357
2602.23353
2602.23342
2602.23341
2602.23339
2602.23336
2602.23334
2602.23333
2602.23331
2602.23330
2602.23321
2602.23320
2602.23318
2602.23315
2602.23314
2602.23305
2602.23303
2602.23302
2602.23297
2602.23296
2602.23294
2602.23292
2602.23288
2602.23287
2602.23285
2602.23283
2602.23281
2602.23280
2602.23279
2602.23278
2602.23277
2602.23274
2602.23265
2602.23262
2602.23261
2602.23259
2602.23253
2602.23252
2602.23248
2602.23242
2602.23241
2602.23239
2602.23234
2602.23232
2602.23231
2602.23228
2602.23220
2602.23217
2602.23214
2602.23212
2602.23211
2602.23206
2602.23205
2602.23203
2602.23201
2602.23200
2602.23197
2602.23196
2602.23193
2602.23192
2602.23191
2602.23188
2602.23183
2602.23179
2602.23174
2602.23172
2602.23169
2602.23168
2602.23167
2602.23165
2602.23164
2602.23163
2602.23161
2602.23153
2602.23148
2602.23146
2602.23142
2602.23136
2602.23135
2602.23133
2602.23132
2602.23130
2602.23128
2602.23123
2602.23121
2602.23120
2602.23116
2602.23115
2602.23113
2602.23111
2602.23109
2602.23108
2602.23105
2602.23096
2602.23095
2602.23093
2602.23090
2602.23088
2602.23086
2602.23085
2602.23079
2602.23075
2602.23071
2602.23069
2602.23068
2602.23067
2602.23065
2602.23062
2602.23061
2602.23060
2602.23058
2602.23057
2602.23056
2602.23054
2602.23053
2602.23051
2602.23050
2602.23040
2602.23038
2602.23036
2602.23030
2602.23027
2602.23026
2602.23025
2602.23024
2602.23023
2602.23017
2602.23013
2602.23010
2602.23008
2602.23006
2602.23005
2602.23003
2602.23000
2602.22998
2602.22997
2602.22993
2602.22988
2602.22983
2602.22981
2602.22980
2602.22976
2602.22973
2602.22968
2602.22967
2602.22965
2602.22963
2602.22962
2602.22958
2602.22952
2602.22948
2602.22942
2602.22941
2602.22940
2602.22938
2602.22937
2602.22936
2602.22935
2602.22934
2602.22932
2602.22925
2602.22919
2602.22918
2602.22916
2602.22915
2602.22914
2602.22913
2602.22908
2602.22903
2602.22902
2602.22901
2602.22896
2602.22892
2602.22887
2602.22884
2602.22879
2602.22874
2602.22873
2602.22868
2602.22865
2602.22862
2602.22856
2602.22854
2602.22853
2602.22852
2602.22850
2602.22847
2602.22846
2602.22842
2602.22839
2602.22835
2602.22829
2602.22823
2602.22821
2602.22818
2602.22817
2602.22814
2602.22813
2602.22812
2602.22810
2602.22805
2602.22804
2602.22801
2602.22800
2602.22799
2602.22796
2602.22794
2602.22791
2602.22790
2602.22786
2602.22785
2602.22780
2602.22775
2602.22765
2602.22762
2602.22760
2602.22758
2602.22756
2602.22750
2602.22745
2602.22743
2602.22742
2602.22740
2602.22735
2602.22734
2602.22733
2602.22732
2602.22731
2602.22729
2602.22723
2602.22718
2602.22717
2602.22714
2602.22713
2602.22712
2602.22710
2602.22707
2602.22702
2602.22701
2602.22700
2602.22696
2602.22695
2602.22689
2602.22681
2602.22674
2602.22671
2602.22667
2602.22666
2602.22661
2602.22660
2602.22658
2602.22654
2602.22650
2602.22649
2602.22645
2602.22644
2602.22639
2602.22631
2602.22629
2602.22628
2602.22625
2602.22624
2602.22621
2602.22620
2602.22619
2602.22618
2602.22617
2602.22613
2602.22611
2602.22607
2602.22606
2602.22605
2602.22604
2602.22603
2602.22600
2602.22597
2602.22596
2602.22595
2602.22594
2602.22593
2602.22592
2602.22584
2602.22581
2602.22580
2602.22579
2602.22575
2602.22571
2602.22565
2602.22564
2602.22562
2602.22560
2602.22556
2602.22555
2602.22552
2602.22551
2602.22549
2602.22547
2602.22546
2602.22545
2602.22544
2602.22543
2602.22542
2602.22540
2602.22539
2602.22537
2602.22536
2602.22533
2602.22532
2602.22530
2602.22529
2602.22527
2602.22525
2602.22524
2602.22523
2602.22522
2602.22521
2602.22520
2602.22519
2602.22514
2602.22506
2602.22505
2602.22500
2602.22492
2602.22487
2602.22486
2602.22482
2602.22481
2602.22474
2602.22462
2602.22461
2602.22459
2602.22457
2602.22456
2602.22454
2602.22450
2602.22449
2602.22445
2602.22443
2602.22442
2602.22441
2602.22437
2602.22436
2602.22434
2602.22433
2602.22432
2602.22431
2602.22430
2602.22428
2602.22425
2602.22424
2602.22423
2602.22419
2602.22417
2602.22413
2602.22412
2602.22409
2602.22403
2602.22402
2602.22401
2602.22400
2602.22395
2602.22392
2602.22387
2602.22381
2602.22376
2602.22374
2602.22373
2602.22371
2602.22368
2602.22367
2602.22365
2602.22362
2602.22361
2602.22359
2602.22352
2602.22350
2602.22347
2602.22346
2602.22345
2602.22343
2602.22340
2602.22339
2602.22334
2602.22212
2602.22209
2602.22208
2602.22303
2602.22196
2602.22195
2602.22193
2602.22188
2602.22187
2602.22186
2602.22300
2602.22183
2602.22179
2602.22299
2602.22176
2602.22171
2602.22164
2602.22159
2602.22158
2602.22157
2602.22154
2602.22152
2602.22150
2602.22149
2602.22146
2602.22298
2602.22144
2602.22143
2602.22140
2602.22136
2602.22135
2602.22134
2602.22132
2602.22131
2602.22130
2602.22124
2602.22122
2602.22118
2602.22115
2602.22110
2602.22108
2602.22103
2602.22101
2602.22100
2602.22098
2602.22096
2602.22094
2602.22088
2602.22086
2602.22085
2602.22083
2602.22082
2602.22081
2602.22077
2602.22076
2602.22075
2602.22072
2602.22066
2602.22061
2602.22059
2602.22056
2602.22055
2602.22052
2602.22051
2602.22049
2602.22045
2602.22042
2602.22041
2602.22039
2602.22037
2602.22032
2602.22296
2602.22020
2602.22018
2602.22017
2602.22015
2602.22014
2602.22011
2602.22010
2602.22295
2602.22006
2602.22294
2602.22293
2602.22003
2602.22000
2602.21997
2602.21996
2602.21995
2602.22292
2602.21987
2602.21983
2602.21977
2602.22290
2602.21967
2602.21966
2602.21965
2602.21964
2602.21963
2602.21961
2602.21959
2602.21957
2602.21956
2602.21955
2602.21953
2602.21952
2602.22289
2602.21949
2602.21948
2602.21944
2602.21943
2602.21942
2602.22288
2602.21937
2602.21935
2602.22287
2602.21933
2602.21932
2602.21929
2602.21928
2602.21926
2602.22286
2602.21917
2602.21915
2602.21910
2602.21904
2602.22285
2602.21899
2602.21897
2602.21895
2602.21893
2602.21891
2602.21889
2602.21887
2602.21874
2602.21864
2602.22284
2602.21862
2602.21859
2602.21857
2602.21849
2602.21846
2602.21845
2602.21844
2602.21843
2602.22282
2602.21841
2602.21833
2602.21827
2602.21819
2602.21818
2602.21816
2602.21811
2602.21810
2602.21806
2602.21803
2602.21799
2602.21798
2602.21797
2602.21794
2602.21788
2602.21786
2602.21783
2602.21780
2602.21778
2602.22280
2602.21773
2602.21772
2602.21771
2602.22279
2602.21766
2602.21765
2602.21763
2602.21762
2602.21760
2602.22277
2602.21757
2602.21756
2602.21755
2602.21754
2602.21750
2602.22276
2602.21746
2602.21745
2602.21744
2602.21741
2602.21740
2602.21737
2602.21736
2602.21735
2602.21734
2602.22275
2602.21730
2602.22274
2602.21723
2602.21722
2602.21717
2602.21715
2602.21712
2602.21709
2602.21707
2602.21704
2602.21703
2602.21702
2602.21700
2602.21699
2602.21696
2602.21691
2602.22271
2602.21687
2602.21686
2602.21682
2602.21681
2602.21677
2602.21674
2602.21672
2602.21668
2602.21667
2602.22270
2602.22269
2602.21662
2602.21657
2602.21652
2602.21650
2602.21648
2602.21645
2602.22268
2602.21641
2602.22267
2602.21638
2602.21632
2602.21630
2602.21627
2602.21626
2602.21625
2602.21622
2602.21620
2602.22266
2602.21612
2602.21611
2602.21610
2602.21609
2602.21606
2602.21604
2602.22265
2602.21601
2602.21599
2602.21598
2602.21596
2602.21593
2602.21591
2602.21590
2602.21588
2602.21585
2602.21584
2602.21583
2602.21581
2602.21572
2602.21569
2602.21568
2602.21565
2602.21558
2602.21556
2602.21552
2602.21550
2602.21548
2602.21547
2602.21545
2602.21539
2602.21536
2602.21534
2602.21533
2602.22261
2602.21528
2602.21526
2602.21524
2602.21522
2602.21517
2602.21514
2602.21508
2602.21501
2602.21499
2602.21498
2602.21495
2602.21494
2602.21492
2602.22260
2602.22259
2602.21486
2602.21484
2602.21482
2602.21481
2602.21479
2602.22258
2602.21478
2602.21477
2602.21476
2602.21472
2602.21470
2602.21468
2602.21467
2602.21466
2602.21462
2602.21461
2602.21459
2602.21456
2602.21454
2602.21452
2602.21450
2602.21447
2602.21446
2602.21445
2602.21444
2602.22255
2602.21442
2602.21436
2602.21429
2602.21426
2602.21425
2602.21424
2602.21421
2602.21418
2602.21411
2602.21404
2602.21403
2602.21401
2602.21390
2602.21389
2602.21379
2602.21377
2602.21374
2602.22253
2602.21372
2602.21366
2602.21365
2602.21362
2602.21360
2602.21357
2602.21351
2602.21345
2602.21343
2602.21342
2602.21340
2602.22250
2602.21332
2602.21331
2602.21328
2602.22249
2602.21321
2602.21319
2602.21316
2602.21315
2602.21312
2602.21307
2602.21302
2602.21204
2602.21203
2602.21202
2602.21201
2602.21196
2602.21195
2602.21193
2602.21191
2602.21189
2602.21188
2602.21186
2602.21185
2602.21183
2602.21182
2602.21180
2602.21179
2602.21178
2602.21175
2602.21174
2602.21172
2602.21168
2602.21167
2602.21278
2602.21165
2602.21162
2602.21161
2602.22248
2602.21154
2602.21153
2602.22247
2602.21148
2602.21276
2602.21146
2602.21144
2602.21142
2602.21140
2602.21138
2602.21136
2602.21133
2602.21127
2602.21119
2602.21116
2602.21105
2602.21104
2602.21103
2602.21101
2602.21100
2602.21098
2602.21089
2602.21088
2602.21082
2602.21078
2602.21074
2602.21073
2602.21072
2602.21066
2602.21064
2602.21273
2602.21045
2602.21042
2602.21041
2602.21037
2602.21035
2602.21033
2602.21028
2602.21027
2602.21026
2602.22246
2602.21022
2602.21020
2602.21019
2602.21013
2602.21012
2602.21010
2602.21009
2602.21007
2602.21000
2602.20999
2602.20995
2602.20994
2602.20993
2602.20991
2602.20989
2602.20983
2602.20979
2602.20973
2602.20972
2602.20971
2602.22244
2602.20967
2602.20963
2602.20958
2602.20952
2602.20951
2602.20949
2602.20947
2602.20946
2602.20945
2602.20943
2602.20934
2602.20933
2602.20932
2602.20930
2602.20929
2602.20928
2602.20925
2602.20923
2602.20921
2602.20920
2602.20918
2602.20915
2602.20903
2602.20891
2602.20887
2602.20877
2602.20876
2602.20874
2602.20871
2602.20868
2602.20866
2602.20859
2602.20857
2602.20854
2602.20853
2602.20851
2602.20850
2602.22243
2602.20846
2602.20845
2602.20844
2602.22242
2602.20832
2602.20830
2602.20823
2602.21268
2602.20818
2602.20816
2602.20809
2602.21267
2602.20805
2602.20802
2602.20796
2602.20793
2602.20791
2602.20790
2602.20782
2602.20767
2602.20762
2602.20758
2602.20752
2602.20751
2602.20749
2602.20748
2602.20744
2602.22241
2602.20739
2602.20735
2602.20732
2602.20731
2602.20730
2602.20729
2602.21266
2602.20728
2602.20725
2602.20724
2602.20722
2602.20721
2602.20720
2602.20718
2602.20717
2602.20715
2602.20712
2602.20710
2602.20709
2602.20708
2602.20706
2602.20705
2602.20700
2602.20698
2602.20696
2602.20689
2602.20685
2602.20684
2602.20680
2602.20676
2602.20672
2602.20673
2602.20671
2602.20666
2602.20663
2602.20662
2602.22239
2602.20658
2602.20657
2602.20656
2602.20653
2602.20652
2602.20651
2602.20648
2602.20647
2602.20646
2602.20645
2602.20644
2602.20643
2602.20639
2602.20638
2602.20635
2602.20634
2602.20633
2602.20632
2602.20628
2602.20627
2602.20624
2602.20618
2602.20616
2602.20611
2602.20610
2602.20608
2602.20603
2602.20599
2602.22029
2602.20598
2602.20597
2602.20596
2602.20594
2602.20585
2602.20584
2602.20583
2602.20580
2602.20578
2602.22238
2602.20567
2602.20561
2602.20558
2602.20557
2602.20555
2602.20551
2602.20550
2602.20549
2602.20548
2602.20547
2602.20544
2602.20543
2602.20541
2602.20540
2602.20539
2602.20537
2602.20531
2602.20530
2602.20529
2602.20527
2602.20521
2602.20520
2602.20518
2602.20517
2602.20515
2602.20512
2602.20511
2602.20507
2602.20501
2602.20500
2602.20497
2602.20496
2602.20494
2602.20493
2602.20492
2602.20486
2602.20480
2602.20478
2602.20475
2602.20471
2602.20466
2602.20465
2602.20462
2602.20461
2602.20457
2602.20455
2602.20450
2602.20449
2602.20444
2602.20442
2602.20439
2602.20433
2602.20429
2602.20426
2602.20425
2602.20423
2602.20422
2602.20419
2602.20418
2602.20415
2602.20408
2602.20403
2602.20400
2602.20394
2602.20383
2602.22237
2602.20377
2602.20376
2602.20375
2602.20372
2602.20370
2602.20366
2602.20363
2602.20362
2602.20361
2602.20358
2602.21259
2602.20350
2602.20348
2602.20342
2602.20341
2602.20338
2602.20336
2602.20334
2602.20332
2602.20330
2602.20329
2602.20328
2602.20324
2602.20317
2602.20316
2602.20314
2602.20312
2602.20309
2602.20307
2602.20306
2602.20298
2602.20297
2602.20294
2602.20293
2602.20289
2602.20285
2602.20284
2602.20282
2602.20278
2602.20271
2602.20160
2602.20153
2602.20152
2602.20151
2602.20150
2602.20232
2602.20141
2602.20137
2602.20134
2602.20133
2602.20132
2602.20231
2602.20126
2602.20120
2602.20113
2602.20111
2602.20105
2602.20104
2602.20102
2602.20022
2602.20100
2602.20097
2602.20092
2602.20091
2602.20089
2602.20084
2602.20083
2602.20082
2602.20080
2602.20079
2602.20078
2602.20076
2602.20074
2602.20070
2602.20066
2602.20064
2602.20063
2602.20062
2602.20061
2602.20059
2602.20055
2602.20054
2602.20053
2602.20052
2602.20049
2602.20046
2602.20045
2602.20042
2602.20040
2602.20038
2602.20034
2602.20226
2602.20031
2602.20225
2602.20023
2602.20021
2602.20020
2602.20019
2602.20014
2602.20224
2602.20010
2602.20008
2602.20003
2602.20001
2602.19998
2602.19994
2602.19990
2602.19987
2602.19983
2602.19980
2602.19976
2602.19974
2602.19973
2602.19969
2602.19966
2602.19964
2602.19951
2602.19946
2602.19945
2602.19943
2602.19942
2602.19937
2602.19934
2602.19931
2602.19930
2602.19929
2602.19926
2602.19919
2602.19918
2602.19916
2602.19915
2602.19912
2602.19907
2602.19903
2602.19900
2602.19898
2602.19893
2602.19891
2602.19886
2602.19884
2602.19879
2602.19873
2602.19868
2602.19862
2602.19859
2602.19857
2602.19855
2602.19853
2602.19851
2602.19850
2602.19848
2602.19845
2602.19844
2602.19837
2602.20223
2602.19834
2602.19832
2602.19831
2602.20222
2602.19825
2602.19823
2602.19822
2602.21255
2602.19819
2602.19818
2602.19816
2602.19815
2602.19811
2602.19810
2602.19809
2602.19806
2602.19805
2602.19803
2602.19802
2602.19799
2602.19790
2602.19789
2602.19788
2602.19786
2602.19785
2602.19782
2602.19778
2602.19777
2602.19776
2602.19770
2602.19769
2602.19768
2602.19766
2602.19764
2602.19762
2602.19761
2602.20221
2602.19758
2602.19754
2602.19753
2602.19745
2602.19743
2602.19742
2602.19736
2602.19733
2602.19718
2602.19714
2602.19711
2602.19710
2602.19706
2602.19702
2602.19699
2602.19698
2602.19697
2602.19695
2602.19694
2602.19691
2602.19690
2602.20220
2602.19686
2602.19683
2602.19682
2602.19680
2602.19679
2602.19674
2602.19673
2602.19668
2602.19661
2602.19660
2602.19657
2602.19655
2602.19654
2602.19653
2602.19651
2602.19649
2602.19644
2602.19639
2602.19634
2602.19633
2602.19629
2602.19628
2602.19626
2602.19623
2602.19622
2602.20219
2602.19616
2602.19614
2602.19609
2602.19608
2602.19606
2602.19604
2602.19603
2602.19597
2602.19596
2602.19595
2602.19591
2602.19590
2602.19585
2602.19584
2602.19582
2602.19580
2602.20216
2602.19577
2602.19575
2602.19574
2602.20215
2602.19570
2602.19567
2602.19565
2602.19560
2602.20214
2602.19555
2602.19554
2602.19552
2602.19550
2602.19549
2602.19542
2602.19540
2602.19538
2602.19535
2602.19534
2602.19533
2602.19532
2602.19528
2602.19526
2602.19525
2602.19523
2602.19522
2602.19518
2602.19516
2602.19514
2602.19512
2602.19510
2602.19507
2602.19506
2602.19505
2602.19503
2602.19498
2602.19491
2602.19490
2602.19489
2602.19487
2602.19485
2602.19483
2602.19477
2602.19476
2602.19475
2602.19474
2602.19471
2602.19470
2602.19463
2602.19461
2602.19459
2602.19458
2602.19454
2602.19450
2602.19446
2602.19444
2602.19442
2602.19441
2602.19440
2602.19439
2602.19434
2602.19433
2602.19430
2602.19424
2602.19423
2602.19422
2602.19419
2602.19418
2602.19416
2602.19414
2602.19410
2602.19409
2602.19408
2602.20208
2602.19403
2602.19401
2602.19400
2602.19396
2602.19393
2602.21381
2602.19390
2602.19387
2602.19385
2602.19383
2602.19381
2602.19380
2602.19379
2602.19373
2602.19372
2602.19368
2602.19367
2602.19360
2602.19359
2602.19355
2602.19354
2602.19352
2602.19350
2602.19348
2602.19346
2602.20206
2602.19345
2602.19341
2602.19338
2602.19332
2602.19331
2602.19329
2602.19328
2602.19327
2602.19326
2602.19324
2602.19319
2602.19315
2602.19314
2602.19313
2602.19312
2602.19309
2602.19308
2602.19305
2602.19304
2602.19303
2602.19298
2602.19296
2602.19292
2602.19289
2602.19285
2602.19281
2602.19278
2602.19274
2602.19273
2602.19271
2602.19270
2602.19268
2602.19263
2602.19260
2602.21253
2602.19259
2602.19255
2602.19254
2602.19253
2602.19252
2602.19243
2602.19242
2602.19241
2602.19240
2602.19239
2602.19232
2602.19231
2602.19229
2602.19224
2602.19219
2602.19218
2602.19217
2602.19215
2602.19213
2602.19212
2602.19206
2602.19202
2602.19199
2602.19198
2602.19197
2602.19196
2602.19193
2602.19189
2602.19188
2602.19187
2602.19184
2602.19180
2602.19179
2602.19178
2602.19174
2602.19173
2602.19172
2602.19170
2602.19167
2602.19166
2602.19163
2602.19161
2602.19160
2602.19159
2602.19158
2602.19157
2602.19156
2602.19153
2602.19146
2602.19143
2602.19142
2602.19141
2602.19140
2602.19139
2602.19137
2602.19134
2602.19130
2602.19128
2602.19126
2602.19124
2602.19121
2602.19117
2602.19116
2602.19115
2602.19114
2602.19113
2602.19112
2602.19109
2602.19108
2602.19107
2602.19101
2602.19097
2602.19096
2602.19094
2602.20199
2602.19089
2602.19088
2602.19087
2602.19086
2602.19084
2602.19083
2602.21252
2602.19077
2602.19071
2602.19069
2602.19068
2602.19066
2602.19065
2602.19062
2602.19057
2602.19055
2602.19053
2602.19049
2602.20196
2602.19048
2602.19043
2602.22235
2602.19038
2602.19033
2602.20195
2602.19031
2602.19027
2602.19025
2602.19024
2602.19022
2602.19021
2602.19020
2602.19019
2602.19017
2602.19016
2602.19009
2602.19007
2602.19005
2602.19004
2602.18997
2602.18993
2602.18992
2602.18991
2602.18990
2602.18989
2602.18987
2602.18985
2602.20193
2602.18982
2602.18981
2602.18980
2602.18977
2602.18976
2602.18968
2602.18967
2602.18966
2602.18962
2602.18961
2602.18960
2602.18959
2602.18957
2602.20191
2602.18955
2602.18951
2602.18948
2602.18947
2602.18946
2602.18943
2602.18941
2602.18936
2602.18935
2602.18931
2602.18929
2602.18925
2602.18921
2602.18920
2602.21251
2602.18918
2602.18915
2602.18910
2602.18906
2602.18904
2602.18903
2602.18899
2602.18897
2602.18896
2602.18895
2602.18886
2602.18883
2602.18882
2602.18881
2602.18880
2602.18874
2602.18873
2602.18872
2602.18869
2602.18868
2602.18867
2602.18866
2602.18863
2602.18862
2602.18861
2602.18858
2602.18857
2602.18851
2602.18850
2602.18849
2602.18845
2602.18844
2602.18834
2602.18833
2602.18830
2602.18825
2602.18824
2602.18822
2602.18817
2602.18814
2602.18813
2602.18812
2602.18807
2602.18803
2602.18802
2602.18801
2602.18800
2602.18799
2602.18798
2602.18797
2602.18795
2602.18793
2602.18786
2602.18782
2602.18779
2602.18777
2602.18775
2602.18774
2602.18773
2602.18770
2602.20187
2602.18769
2602.18768
2602.18767
2602.18766
2602.18765
2602.18764
2602.18763
2602.18762
2602.18758
2602.18755
2602.18749
2602.18744
2602.18742
2602.18741
2602.18740
2602.18739
2602.18734
2602.18733
2602.20186
2602.18726
2602.18724
2602.18723
2602.18718
2602.18717
2602.18716
2602.18715
2602.18714
2602.18709
2602.18708
2602.18707
2602.18705
2602.18702
2602.18701
2602.18700
2602.18699
2602.18697
2602.18696
2602.18695
2602.18694
2602.18692
2602.18690
2602.18688
2602.18684
2602.18681
2602.18679
2602.18678
2602.18676
2602.18674
2602.18673
2602.18669
2602.18663
2602.18660
2602.18657
2602.18655
2602.18653
2602.18652
2602.18650
2602.18649
2602.18648
2602.18644
2602.18642
2602.18641
2602.18640
2602.18638
2602.18637
2602.18636
2602.18635
2602.18633
2602.18630
2602.18628
2602.18627
2602.18624
2602.18623
2602.18622
2602.18620
2602.18618
2602.18616
2602.18614
2602.18613
2602.18610
2602.18607
2602.18606
2602.18603
2602.18602
2602.18598
2602.18594
2602.18588
2602.18584
2602.18582
2602.18581
2602.18579
2602.18576
2602.18573
2602.18571
2602.18568
2602.18435
2602.18434
2602.18432
2602.18431
2602.18428
2602.18427
2602.18426
2602.18425
2602.18422
2602.18421
2602.18417
2602.18409
2602.18406
2602.18405
2602.18403
2602.18401
2602.18400
2602.18397
2602.18396
2602.18549
2602.18390
2602.18389
2602.18386
2602.18384
2602.18380
2602.18379
2602.18377
2602.18374
2602.18372
2602.18364
2602.18362
2602.18546
2602.18352
2602.18351
2602.18350
2602.18348
2602.18344
2602.18545
2602.18333
2602.18330
2602.18329
2602.18326
2602.18324
2602.18322
2602.18319
2602.18317
2602.18313
2602.18312
2602.18310
2602.18309
2602.18308
2602.18305
2602.18304
2602.18301
2602.18297
2602.18296
2602.18295
2602.18542
2602.18292
2602.18291
2602.18288
2602.18287
2602.18285
2602.18541
2602.18283
2602.18274
2602.18539
2602.18266
2602.18264
2602.18263
2602.18262
2602.18260
2602.18258
2602.18255
2602.18254
2602.18253
2602.18252
2602.18250
2602.18249
2602.18248
2602.18240
2602.18238
2602.18227
2602.18221
2602.18217
2602.18213
2602.18212
2602.18208
2602.18206
2602.18202
2602.18201
2602.18199
2602.18196
2602.18193
2602.18190
2602.18189
2602.18188
2602.18187
2602.18186
2602.18181
2602.18176
2602.18168
2602.18166
2602.18165
2602.18536
2602.18160
2602.18158
2602.18152
2602.18151
2602.18148
2602.18146
2602.18143
2602.18142
2602.18139
2602.18534
2602.18137
2602.18121
2602.18119
2602.18117
2602.18116
2602.18114
2602.18104
2602.18098
2602.18097
2602.18533
2602.18093
2602.18092
2602.18090
2602.18086
2602.18084
2602.18083
2602.18082
2602.18079
2602.18077
2602.18071
2602.18066
2602.18063
2602.18055
2602.18053
2602.18049
2602.18045
2602.18043
2602.18042
2602.18040
2602.18038
2602.18037
2602.18036
2602.18034
2602.18530
2602.18033
2602.18030
2602.18026
2602.18023
2602.18020
2602.18019
2602.18018
2602.18016
2602.18010
2602.18008
2602.18007
2602.18003
2602.18002
2602.18000
2602.17999
2602.17997
2602.17986
2602.17985
2602.17981
2602.17973
2602.17972
2602.17971
2602.17962
2602.17961
2602.17958
2602.17955
2602.17954
2602.17952
2602.17951
2602.17948
2602.17947
2602.17942
2602.17941
2602.17940
2602.17939
2602.17934
2602.17932
2602.17930
2602.17926
2602.17925
2602.17921
2602.17918
2602.17917
2602.17914
2602.17913
2602.17910
2602.17909
2602.17908
2602.17907
2602.17905
2602.17904
2602.17894
2602.17891
2602.17888
2602.17887
2602.18523
2602.17881
2602.17876
2602.17867
2602.17865
2602.17864
2602.17861
2602.17858
2602.17855
2602.17850
2602.17849
2602.17848
2602.17846
2602.17842
2602.17841
2602.17838
2602.18521
2602.17835
2602.17834
2602.17830
2602.17829
2602.17827
2602.17822
2602.17818
2602.17817
2602.17815
2602.17813
2602.17811
2602.17808
2602.17807
2602.17805
2602.17801
2602.17798
2602.17797
2602.17794
2602.17793
2602.17791
2602.17787
2602.17785
2602.18515
2602.17784
2602.18514
2602.17779
2602.17776
2602.17774
2602.17773
2602.20181
2602.17772
2602.17665
2602.17664
2602.17658
2602.17753
2602.17654
2602.17653
2602.17651
2602.17650
2602.17649
2602.17647
2602.17646
2602.17645
2602.17642
2602.17641
2602.17640
2602.17637
2602.17636
2602.17634
2602.17633
2602.17632
2602.17619
2602.17609
2602.17607
2602.17605
2602.17602
2602.17601
2602.17599
2602.17598
2602.17596
2602.17590
2602.17588
2602.17587
2602.17586
2602.17584
2602.17577
2602.17574
2602.17567
2602.17566
2602.17565
2602.17557
2602.17556
2602.17555
2602.17554
2602.17552
2602.17550
2602.17546
2602.17545
2602.17543
2602.17542
2602.17541
2602.17537
2602.17536
2602.17535
2602.17534
2602.17530
2602.17526
2602.17525
2602.17518
2602.17517
2602.17515
2602.17513
2602.17512
2602.17502
2602.17497
2602.17493
2602.17490
2602.17488
2602.17486
2602.17484
2602.17483
2602.17750
2602.17482
2602.17749
2602.17481
2602.17480
2602.17477
2602.17475
2602.17474
2602.17473
2602.17472
2602.17465
2602.17458
2602.17454
2602.17452
2602.17450
2602.17449
2602.17442
2602.17434
2602.17431
2602.17430
2602.17426
2602.17424
2602.17423
2602.17421
2602.17419
2602.17418
2602.17415
2602.17413
2602.17410
2602.17407
2602.17402
2602.17397
2602.17394
2602.17393
2602.17387
2602.17386
2602.17385
2602.17383
2602.17747
2602.17377
2602.17375
2602.17373
2602.17372
2602.17365
2602.17363
2602.17358
2602.17350
2602.17346
2602.17345
2602.17342
2602.17340
2602.17337
2602.17335
2602.17745
2602.17330
2602.17322
2602.17321
2602.17743
2602.17320
2602.17315
2602.17312
2602.17310
2602.17309
2602.17308
2602.17307
2602.17301
2602.17294
2602.17293
2602.17290
2602.17288
2602.17287
2602.17284
2602.17282
2602.17280
2602.17277
2602.17276
2602.17271
2602.17270
2602.17263
2602.17254
2602.17252
2602.17251
2602.17250
2602.17247
2602.17245
2602.17244
2602.17242
2602.17237
2602.17234
2602.17231
2602.17229
2602.17226
2602.17223
2602.17222
2602.21249
2602.17221
2602.17217
2602.17216
2602.17215
2602.17213
2602.17211
2602.17209
2602.17206
2602.17201
2602.17199
2602.17198
2602.17194
2602.17193
2602.17189
2602.17187
2602.17186
2602.17185
2602.17182
2602.17174
2602.17171
2602.17170
2602.17168
2602.17166
2602.17159
2602.17155
2602.17151
2602.17149
2602.17145
2602.17144
2602.17142
2602.17134
2602.17130
2602.17128
2602.17124
2602.17122
2602.17120
2602.17119
2602.17117
2602.17116
2602.17115
2602.17114
2602.17112
2602.17111
2602.17110
2602.17108
2602.17107
2602.17104
2602.17103
2602.17102
2602.17100
2602.17097
2602.17096
2602.17093
2602.17091
2602.17089
2602.17088
2602.17086
2602.17085
2602.17084
2602.17083
2602.17080
2602.17077
2602.17071
2602.17070
2602.17068
2602.17067
2602.17066
2602.17065
2602.17063
2602.17058
2602.17050
2602.17049
2602.17048
2602.17038
2602.17037
2602.17036
2602.17033
2602.17032
2602.17030
2602.17027
2602.17023
2602.17022
2602.17018
2602.17016
2602.17011
2602.17010
2602.17009
2602.17004
2602.17002
2602.16998
2602.16997
2602.16994
2602.16989
2602.17738
2602.16987
2602.16980
2602.16979
2602.16977
2602.16976
2602.16975
2602.16968
2602.16966
2602.16965
2602.16964
2602.16961
2602.16959
2602.16958
2602.16957
2602.16952
2602.16951
2602.16950
2602.16949
2602.16947
2602.16944
2602.17737
2602.16939
2602.16936
2602.16935
2602.16930
2602.16928
2602.16923
2602.16921
2602.16919
2602.16917
2602.16914
2602.16913
2602.16911
2602.16908
2602.16903
2602.16900
2602.16898
2602.16895
2602.16894
2602.16893
2602.16890
2602.16887
2602.16880
2602.16872
2602.20180
2602.16867
2602.16864
2602.16863
2602.16861
2602.16856
2602.16853
2602.16849
2602.16846
2602.16844
2602.16842
2602.16841
2602.17734
2602.16837
2602.16836
2602.16833
2602.16830
2602.16829
2602.16827
2602.16825
2602.16826
2602.16823
2602.16821
2602.16820
2602.16814
2602.16813
2602.16810
2602.16809
2602.16806
2602.16805
2602.16802
2602.16800
2602.16796
2602.16793
2602.16790
2602.16784
2602.16712
2602.16711
2602.16710
2602.16709
2602.16708
2602.16707
2602.16705
2602.16704
2602.16702
2602.16700
2602.16699
2602.16698
2602.16697
2602.16695
2602.16688
2602.16687
2602.16686
2602.16684
2602.16681
2602.16678
2602.16675
2602.16671
2602.16669
2602.16664
2602.16660
2602.16656
2602.16653
2602.16650
2602.16642
2602.16641
2602.16640
2602.16638
2602.16634
2602.16629
2602.16764
2602.16612
2602.16611
2602.16609
2602.16608
2602.16605
2602.16603
2602.16602
2602.16601
2602.16600
2602.16598
2602.16596
2602.16594
2602.16590
2602.16587
2602.16585
2602.16578
2602.16573
2602.16570
2602.16569
2602.16568
2602.16564
2602.16561
2602.16558
2602.16555
2602.16554
2602.16553
2602.16551
2602.16548
2602.16541
2602.16537
2602.16536
2602.16532
2602.16531
2602.16525
2602.16523
2602.16522
2602.16520
2602.16518
2602.16512
2602.16511
2602.16507
2602.16505
2602.16503
2602.16502
2602.16500
2602.16499
2602.16498
2602.16490
2602.16489
2602.16488
2602.16480
2602.16760
2602.17732
2602.16469
2602.16465
2602.16462
2602.16459
2602.16456
2602.16446
2602.16445
2602.16444
2602.18507
2602.16436
2602.16427
2602.16424
2602.16422
2602.16421
2602.16416
2602.16410
2602.16406
2602.16399
2602.16758
2602.18506
2602.16387
2602.16386
2602.16379
2602.16378
2602.16375
2602.16374
2602.16371
2602.16367
2602.16365
2602.16363
2602.16362
2602.16360
2602.16358
2602.16357
2602.16356
2602.16353
2602.16352
2602.16349
2602.16347
2602.16345
2602.16343
2602.16340
2602.16338
2602.16337
2602.16334
2602.16330
2602.17729
2602.16327
2602.16324
2602.16323
2602.16322
2602.16321
2602.16318
2602.16315
2602.16311
2602.16309
2602.16308
2602.16307
2602.16306
2602.16302
2602.16301
2602.16300
2602.16299
2602.16755
2602.21248
2602.16291
2602.16290
2602.16289
2602.16284
2602.16281
2602.16279
2602.16274
2602.16273
2602.16268
2602.16265
2602.16264
2602.16256
2602.16249
2602.16245
2602.18505
2602.16240
2602.16238
2602.16236
2602.16235
2602.16234
2602.16233
2602.16231
2602.16229
2602.16224
2602.16222
2602.16220
2602.16218
2602.16217
2602.16216
2602.17726
2602.16213
2602.16752
2602.16209
2602.16207
2602.16206
2602.16204
2602.16196
2602.16194
2602.16193
2602.16192
2602.16189
2602.16188
2602.16186
2602.16182
